caseFatalityRisk,confirmed,confirmedDelta,confirmedGrowthRate,country,countryCode,dateId,dayId,deceased,deceasedDelta,deceasedGrowthRate,doublingTime,immunizationRate,importDate,incidencePer100k,infectious,infectiousDelta,infectiousGrowthRate,recovered,recoveredDelta,recoveredGrowthRate,recoveryRate,source,tested,testedDelta,testedPer1k
0.0,0,0,0.0,Afghanistan,AF,2020-01-22,22,0,0,0.0,0.0,0.0,2020-04-10T18:19:43.354,0.0,0,0,0.0,0,0,0.0,0.0,https://github.com/CSSEGISandData/COVID-19,0,0,0.0
0.0,0,0,0.0,Afghanistan,AF,2020-01-23,23,0,0,0.0,0.0,0.0,2020-04-10T18:19:44.044,0.0,0,0,0.0,0,0,0.0,0.0,https://github.com/CSSEGISandData/COVID-19,0,0,0.0
0.0,0,0,0.0,Afghanistan,AF,2020-01-24,24,0,0,0.0,0.0,0.0,2020-04-10T18:19:44.821,0.0,0,0,0.0,0,0,0.0,0.0,https://github.com/CSSEGISandData/COVID-19,0,0,0.0
0.0,0,0,0.0,Afghanistan,AF,2020-01-25,25,0,0,0.0,0.0,0.0,2020-04-10T18:19:45.370,0.0,0,0,0.0,0,0,0.0,0.0,https://github.com/CSSEGISandData/COVID-19,0,0,0.0
0.0,0,0,0.0,Afghanistan,AF,2020-01-26,26,0,0,0.0,0.0,0.0,2020-04-10T18:19:46.407,0.0,0,0,0.0,0,0,0.0,0.0,https://github.com/CSSEGISandData/COVID-19,0,0,0.0
0.0,0,0,0.0,Afghanistan,AF,2020-01-27,27,0,0,0.0,0.0,0.0,2020-04-10T18:19:47.315,0.0,0,0,0.0,0,0,0.0,0.0,https://github.com/CSSEGISandData/COVID-19,0,0,0.0
0.0,0,0,0.0,Afghanistan,AF,2020-01-28,28,0,0,0.0,0.0,0.0,2020-04-10T18:19:47.902,0.0,0,0,0.0,0,0,0.0,0.0,https://github.com/CSSEGISandData/COVID-19,0,0,0.0
0.0,0,0,0.0,Afghanistan,AF,2020-01-29,29,0,0,0.0,0.0,0.0,2020-04-10T18:19:48.483,0.0,0,0,0.0,0,0,0.0,0.0,https://github.com/CSSEGISandData/COVID-19,0,0,0.0
0.0,0,0,0.0,Afghanistan,AF,2020-01-30,30,0,0,0.0,0.0,0.0,2020-04-10T18:19:49.376,0.0,0,0,0.0,0,0,0.0,0.0,https://github.com/CSSEGISandData/COVID-19,0,0,0.0
0.0,0,0,0.0,Afghanistan,AF,2020-01-31,31,0,0,0.0,0.0,0.0,2020-04-10T18:19:49.939,0.0,0,0,0.0,0,0,0.0,0.0,https://github.com/CSSEGISandData/COVID-19,0,0,0.0
0.0,0,0,0.0,Afghanistan,AF,2020-02-01,32,0,0,0.0,0.0,0.0,2020-04-10T18:19:50.502,0.0,0,0,0.0,0,0,0.0,0.0,https://github.com/CSSEGISandData/COVID-19,0,0,0.0
0.0,0,0,0.0,Afghanistan,AF,2020-02-02,33,0,0,0.0,0.0,0.0,2020-04-10T18:19:51.050,0.0,0,0,0.0,0,0,0.0,0.0,https://github.com/CSSEGISandData/COVID-19,0,0,0.0
0.0,0,0,0.0,Afghanistan,AF,2020-02-03,34,0,0,0.0,0.0,0.0,2020-04-10T18:19:52.038,0.0,0,0,0.0,0,0,0.0,0.0,https://github.com/CSSEGISandData/COVID-19,0,0,0.0
0.0,0,0,0.0,Afghanistan,AF,2020-02-04,35,0,0,0.0,0.0,0.0,2020-04-10T18:19:52.961,0.0,0,0,0.0,0,0,0.0,0.0,https://github.com/CSSEGISandData/COVID-19,0,0,0.0
0.0,0,0,0.0,Afghanistan,AF,2020-02-05,36,0,0,0.0,0.0,0.0,2020-04-10T18:19:53.742,0.0,0,0,0.0,0,0,0.0,0.0,https://github.com/CSSEGISandData/COVID-19,0,0,0.0
0.0,0,0,0.0,Afghanistan,AF,2020-02-06,37,0,0,0.0,0.0,0.0,2020-04-10T18:19:54.403,0.0,0,0,0.0,0,0,0.0,0.0,https://github.com/CSSEGISandData/COVID-19,0,0,0.0
0.0,0,0,0.0,Afghanistan,AF,2020-02-07,38,0,0,0.0,0.0,0.0,2020-04-10T18:19:54.947,0.0,0,0,0.0,0,0,0.0,0.0,https://github.com/CSSEGISandData/COVID-19,0,0,0.0
0.0,0,0,0.0,Afghanistan,AF,2020-02-08,39,0,0,0.0,0.0,0.0,2020-04-10T18:19:55.492,0.0,0,0,0.0,0,0,0.0,0.0,https://github.com/CSSEGISandData/COVID-19,0,0,0.0
0.0,0,0,0.0,Afghanistan,AF,2020-02-09,40,0,0,0.0,0.0,0.0,2020-04-10T18:19:56.065,0.0,0,0,0.0,0,0,0.0,0.0,https://github.com/CSSEGISandData/COVID-19,0,0,0.0
0.0,0,0,0.0,Afghanistan,AF,2020-02-10,41,0,0,0.0,0.0,0.0,2020-04-10T18:19:56.632,0.0,0,0,0.0,0,0,0.0,0.0,https://github.com/CSSEGISandData/COVID-19,0,0,0.0
0.0,0,0,0.0,Afghanistan,AF,2020-02-11,42,0,0,0.0,0.0,0.0,2020-04-10T18:19:57.180,0.0,0,0,0.0,0,0,0.0,0.0,https://github.com/CSSEGISandData/COVID-19,0,0,0.0
0.0,0,0,0.0,Afghanistan,AF,2020-02-12,43,0,0,0.0,0.0,0.0,2020-04-10T18:19:57.979,0.0,0,0,0.0,0,0,0.0,0.0,https://github.com/CSSEGISandData/COVID-19,0,0,0.0
0.0,0,0,0.0,Afghanistan,AF,2020-02-13,44,0,0,0.0,0.0,0.0,2020-04-10T18:19:58.542,0.0,0,0,0.0,0,0,0.0,0.0,https://github.com/CSSEGISandData/COVID-19,0,0,0.0
0.0,0,0,0.0,Afghanistan,AF,2020-02-14,45,0,0,0.0,0.0,0.0,2020-04-10T18:19:59.136,0.0,0,0,0.0,0,0,0.0,0.0,https://github.com/CSSEGISandData/COVID-19,0,0,0.0
0.0,0,0,0.0,Afghanistan,AF,2020-02-15,46,0,0,0.0,0.0,0.0,2020-04-10T18:19:59.699,0.0,0,0,0.0,0,0,0.0,0.0,https://github.com/CSSEGISandData/COVID-19,0,0,0.0
0.0,0,0,0.0,Afghanistan,AF,2020-02-16,47,0,0,0.0,0.0,0.0,2020-04-10T18:20:00.277,0.0,0,0,0.0,0,0,0.0,0.0,https://github.com/CSSEGISandData/COVID-19,0,0,0.0
0.0,0,0,0.0,Afghanistan,AF,2020-02-17,48,0,0,0.0,0.0,0.0,2020-04-10T18:20:01.154,0.0,0,0,0.0,0,0,0.0,0.0,https://github.com/CSSEGISandData/COVID-19,0,0,0.0
0.0,0,0,0.0,Afghanistan,AF,2020-02-18,49,0,0,0.0,0.0,0.0,2020-04-10T18:20:01.716,0.0,0,0,0.0,0,0,0.0,0.0,https://github.com/CSSEGISandData/COVID-19,0,0,0.0
0.0,0,0,0.0,Afghanistan,AF,2020-02-19,50,0,0,0.0,0.0,0.0,2020-04-10T18:20:02.512,0.0,0,0,0.0,0,0,0.0,0.0,https://github.com/CSSEGISandData/COVID-19,0,0,0.0
0.0,0,0,0.0,Afghanistan,AF,2020-02-20,51,0,0,0.0,0.0,0.0,2020-04-10T18:20:03.082,0.0,0,0,0.0,0,0,0.0,0.0,https://github.com/CSSEGISandData/COVID-19,0,0,0.0
0.0,0,0,0.0,Afghanistan,AF,2020-02-21,52,0,0,0.0,0.0,0.0,2020-04-10T18:20:03.898,0.0,0,0,0.0,0,0,0.0,0.0,https://github.com/CSSEGISandData/COVID-19,0,0,0.0
0.0,0,0,0.0,Afghanistan,AF,2020-02-22,53,0,0,0.0,0.0,0.0,2020-04-10T18:20:04.690,0.0,0,0,0.0,0,0,0.0,0.0,https://github.com/CSSEGISandData/COVID-19,0,0,0.0
0.0,0,0,0.0,Afghanistan,AF,2020-02-23,54,0,0,0.0,0.0,0.0,2020-04-10T18:20:05.299,0.0,0,0,0.0,0,0,0.0,0.0,https://github.com/CSSEGISandData/COVID-19,0,0,0.0
0.0,1,0,0.0,Afghanistan,AF,2020-02-24,55,0,0,0.0,0.0,0.0,2020-04-10T18:20:05.884,0.002568822215051212,1,0,0.0,0,0,0.0,0.0,https://github.com/CSSEGISandData/COVID-19,0,0,0.0
0.0,1,0,1.0,Afghanistan,AF,2020-02-25,56,0,0,0.0,0.0,0.0,2020-04-10T18:20:06.478,0.002568822215051212,1,0,1.0,0,0,0.0,0.0,https://github.com/CSSEGISandData/COVID-19,0,0,0.0
0.0,1,0,1.0,Afghanistan,AF,2020-02-26,57,0,0,0.0,0.0,0.0,2020-04-10T18:20:07.046,0.002568822215051212,1,0,1.0,0,0,0.0,0.0,https://github.com/CSSEGISandData/COVID-19,0,0,0.0
0.0,1,0,1.0,Afghanistan,AF,2020-02-27,58,0,0,0.0,0.0,0.0,2020-04-10T18:20:07.606,0.002568822215051212,1,0,1.0,0,0,0.0,0.0,https://github.com/CSSEGISandData/COVID-19,0,0,0.0
0.0,1,0,1.0,Afghanistan,AF,2020-02-28,59,0,0,0.0,0.0,0.0,2020-04-10T18:20:08.151,0.002568822215051212,1,0,1.0,0,0,0.0,0.0,https://github.com/CSSEGISandData/COVID-19,0,0,0.0
0.0,1,0,1.0,Afghanistan,AF,2020-02-29,60,0,0,0.0,0.0,0.0,2020-04-10T18:20:08.726,0.002568822215051212,1,0,1.0,0,0,0.0,0.0,https://github.com/CSSEGISandData/COVID-19,0,0,0.0
0.0,1,0,1.0,Afghanistan,AF,2020-03-01,61,0,0,0.0,0.0,0.0,2020-04-10T18:20:09.647,0.002568822215051212,1,0,1.0,0,0,0.0,0.0,https://github.com/CSSEGISandData/COVID-19,0,0,0.0
0.0,1,0,1.0,Afghanistan,AF,2020-03-02,62,0,0,0.0,0.0,0.0,2020-04-10T18:20:10.275,0.002568822215051212,1,0,1.0,0,0,0.0,0.0,https://github.com/CSSEGISandData/COVID-19,0,0,0.0
0.0,1,0,1.0,Afghanistan,AF,2020-03-03,63,0,0,0.0,0.0,0.0,2020-04-10T18:20:10.861,0.002568822215051212,1,0,1.0,0,0,0.0,0.0,https://github.com/CSSEGISandData/COVID-19,0,0,0.0
0.0,1,0,1.0,Afghanistan,AF,2020-03-04,64,0,0,0.0,0.0,0.0,2020-04-10T18:20:11.406,0.002568822215051212,1,0,1.0,0,0,0.0,0.0,https://github.com/CSSEGISandData/COVID-19,0,0,0.0
0.0,1,0,1.0,Afghanistan,AF,2020-03-05,65,0,0,0.0,0.0,0.0,2020-04-10T18:20:12.002,0.002568822215051212,1,0,1.0,0,0,0.0,0.0,https://github.com/CSSEGISandData/COVID-19,0,0,0.0
0.0,1,0,1.0,Afghanistan,AF,2020-03-06,66,0,0,0.0,0.0,0.0,2020-04-10T18:20:12.584,0.002568822215051212,1,0,1.0,0,0,0.0,0.0,https://github.com/CSSEGISandData/COVID-19,0,0,0.0
0.0,1,0,1.0,Afghanistan,AF,2020-03-07,67,0,0,0.0,0.0,0.0,2020-04-10T18:20:13.165,0.002568822215051212,1,0,1.0,0,0,0.0,0.0,https://github.com/CSSEGISandData/COVID-19,0,0,0.0
0.0,4,3,4.0,Afghanistan,AF,2020-03-08,68,0,0,0.0,0.5,0.0,2020-04-10T18:20:14.083,0.010275288860204849,4,3,4.0,0,0,0.0,0.0,https://github.com/CSSEGISandData/COVID-19,0,0,0.0
0.0,4,0,1.0,Afghanistan,AF,2020-03-09,69,0,0,0.0,0.0,0.0,2020-04-10T18:20:14.634,0.010275288860204849,4,0,1.0,0,0,0.0,0.0,https://github.com/CSSEGISandData/COVID-19,0,0,0.0
0.0,5,1,1.25,Afghanistan,AF,2020-03-10,70,0,0,0.0,3.10628371950539,0.0,2020-04-10T18:20:15.233,0.012844111075256062,5,1,1.25,0,0,0.0,0.0,https://github.com/CSSEGISandData/COVID-19,0,0,0.0
0.0,7,2,1.4,Afghanistan,AF,2020-03-11,71,0,0,0.0,2.0600427171061453,0.0,2020-04-10T18:20:15.750,0.017981755505358486,7,2,1.4,0,0,0.0,0.0,https://github.com/CSSEGISandData/COVID-19,0,0,0.0
0.0,7,0,1.0,Afghanistan,AF,2020-03-12,72,0,0,0.0,0.0,0.0,2020-04-10T18:20:16.530,0.017981755505358486,7,0,1.0,0,0,0.0,0.0,https://github.com/CSSEGISandData/COVID-19,0,0,0.0
0.0,7,0,1.0,Afghanistan,AF,2020-03-13,73,0,0,0.0,0.0,0.0,2020-04-10T18:20:17.076,0.017981755505358486,7,0,1.0,0,0,0.0,0.0,https://github.com/CSSEGISandData/COVID-19,0,0,0.0
0.0,11,4,1.5714285714285714,Afghanistan,AF,2020-03-14,74,0,0,0.0,1.5335619341179534,0.0,2020-04-10T18:20:17.661,0.028257044365563335,11,4,1.5714285714285714,0,0,0.0,0.0,https://github.com/CSSEGISandData/COVID-19,0,0,0.0
0.0,16,5,1.4545454545454546,Afghanistan,AF,2020-03-15,75,0,0,0.0,1.8499047196936116,0.0,2020-04-10T18:20:18.560,0.041101155440819395,16,5,1.4545454545454546,0,0,0.0,0.0,https://github.com/CSSEGISandData/COVID-19,0,0,0.0
0.0,21,5,1.3125,Afghanistan,AF,2020-03-16,76,0,0,0.0,2.54895638566613,2.5688222150512123E-8,2020-04-10T18:20:19.154,0.05394526651607546,20,4,1.25,1,0,0.0,0.047619047619047616,https://github.com/CSSEGISandData/COVID-19,0,0,0.0
0.0,22,1,1.0476190476190477,Afghanistan,AF,2020-03-17,77,0,0,0.0,14.899977377480539,2.5688222150512123E-8,2020-04-10T18:20:20.099,0.05651408873112667,21,1,1.05,1,0,1.0,0.045454545454545456,https://github.com/CSSEGISandData/COVID-19,0,0,0.0
0.0,22,0,1.0,Afghanistan,AF,2020-03-18,78,0,0,0.0,0.0,2.5688222150512123E-8,2020-04-10T18:20:21.333,0.05651408873112667,21,0,1.0,1,0,1.0,0.045454545454545456,https://github.com/CSSEGISandData/COVID-19,0,0,0.0
0.0,22,0,1.0,Afghanistan,AF,2020-03-19,79,0,0,0.0,0.0,2.5688222150512123E-8,2020-04-10T18:20:21.901,0.05651408873112667,21,0,1.0,1,0,1.0,0.045454545454545456,https://github.com/CSSEGISandData/COVID-19,0,0,0.0
0.0,24,2,1.0909090909090908,Afghanistan,AF,2020-03-20,80,0,0,0.0,7.96616723629781,2.5688222150512123E-8,2020-04-10T18:20:22.472,0.0616517331612291,23,2,1.0952380952380953,1,0,1.0,0.041666666666666664,https://github.com/CSSEGISandData/COVID-19,0,0,0.0
0.0,24,0,1.0,Afghanistan,AF,2020-03-21,81,0,0,0.0,0.0,2.5688222150512123E-8,2020-04-10T18:20:23.272,0.0616517331612291,23,0,1.0,1,0,1.0,0.041666666666666664,https://github.com/CSSEGISandData/COVID-19,0,0,0.0
0.025,40,16,1.6666666666666667,Afghanistan,AF,2020-03-22,82,1,0,0.0,1.3569154488567239,2.5688222150512123E-8,2020-04-10T18:20:23.899,0.1027528886020485,38,15,1.6521739130434783,1,0,1.0,0.025,https://github.com/CSSEGISandData/COVID-19,0,0,0.0
0.025,40,0,1.0,Afghanistan,AF,2020-03-23,83,1,0,1.0,0.0,2.5688222150512123E-8,2020-04-10T18:20:24.537,0.1027528886020485,38,0,1.0,1,0,1.0,0.025,https://github.com/CSSEGISandData/COVID-19,0,0,0.0
0.013513513513513514,74,34,1.85,Afghanistan,AF,2020-03-24,84,1,0,1.0,1.1267284808289821,2.5688222150512123E-8,2020-04-10T18:20:25.182,0.19009284391378972,72,34,1.894736842105263,1,0,1.0,0.013513513513513514,https://github.com/CSSEGISandData/COVID-19,0,0,0.0
0.023809523809523808,84,10,1.135135135135135,Afghanistan,AF,2020-03-25,85,2,1,2.0,5.4685432205015285,5.1376444301024245E-8,2020-04-10T18:20:25.785,0.21578106606430184,80,8,1.1111111111111112,2,1,2.0,0.023809523809523808,https://github.com/CSSEGISandData/COVID-19,0,0,0.0
0.0425531914893617,94,10,1.119047619047619,Afghanistan,AF,2020-03-26,86,4,2,2.0,6.162514293401405,5.1376444301024245E-8,2020-04-10T18:20:26.390,0.24146928821481395,88,8,1.1,2,0,1.0,0.02127659574468085,https://github.com/CSSEGISandData/COVID-19,0,0,0.0
0.03636363636363636,110,16,1.1702127659574468,Afghanistan,AF,2020-03-27,87,4,0,1.0,4.409737617324891,5.1376444301024245E-8,2020-04-10T18:20:27.219,0.2825704436556334,104,16,1.1818181818181819,2,0,1.0,0.01818181818181818,https://github.com/CSSEGISandData/COVID-19,0,0,0.0
0.03636363636363636,110,0,1.0,Afghanistan,AF,2020-03-28,88,4,0,1.0,0.0,5.1376444301024245E-8,2020-04-10T18:20:28.135,0.2825704436556334,104,0,1.0,2,0,1.0,0.01818181818181818,https://github.com/CSSEGISandData/COVID-19,0,0,0.0
0.03333333333333333,120,10,1.0909090909090908,Afghanistan,AF,2020-03-29,89,4,0,1.0,7.96616723629781,5.1376444301024245E-8,2020-04-10T18:20:29.060,0.30825866580614547,114,10,1.0961538461538463,2,0,1.0,0.016666666666666666,https://github.com/CSSEGISandData/COVID-19,0,0,0.0
0.023529411764705882,170,50,1.4166666666666667,Afghanistan,AF,2020-03-30,90,4,0,1.0,1.9900484026476473,5.1376444301024245E-8,2020-04-10T18:20:29.978,0.4366997765587061,164,50,1.4385964912280702,2,0,1.0,0.011764705882352941,https://github.com/CSSEGISandData/COVID-19,0,0,0.0
0.022988505747126436,174,4,1.0235294117647058,Afghanistan,AF,2020-03-31,91,4,0,1.0,29.80398540715117,1.2844111075256062E-7,2020-04-10T18:20:30.887,0.44697506541891097,165,1,1.0060975609756098,5,3,2.5,0.028735632183908046,https://github.com/CSSEGISandData/COVID-19,0,0,0.0
0.016877637130801686,237,63,1.3620689655172413,Afghanistan,AF,2020-04-01,92,4,0,1.0,2.2431596095767565,1.2844111075256062E-7,2020-04-10T18:20:31.902,0.6088108649671373,228,63,1.3818181818181818,5,0,1.0,0.02109704641350211,https://github.com/CSSEGISandData/COVID-19,0,0,0.0
0.02197802197802198,273,36,1.1518987341772151,Afghanistan,AF,2020-04-02,93,6,2,1.5,4.901626992607729,2.5688222150512123E-7,2020-04-10T18:20:32.752,0.701288464708981,257,29,1.1271929824561404,10,5,2.0,0.03663003663003663,https://github.com/CSSEGISandData/COVID-19,0,0,0.0
0.021352313167259787,281,8,1.0293040293040292,Afghanistan,AF,2020-04-03,94,6,0,1.0,23.998552809851898,2.5688222150512123E-7,2020-04-10T18:20:33.749,0.7218390424293907,265,8,1.0311284046692606,10,0,1.0,0.03558718861209965,https://github.com/CSSEGISandData/COVID-19,0,0,0.0
0.023411371237458192,299,18,1.0640569395017794,Afghanistan,AF,2020-04-04,95,7,1,1.1666666666666667,11.163785077028768,2.5688222150512123E-7,2020-04-10T18:20:34.759,0.7680778423003125,282,17,1.0641509433962264,10,0,1.0,0.033444816053511704,https://github.com/CSSEGISandData/COVID-19,0,0,0.0
0.02005730659025788,349,50,1.1672240802675586,Afghanistan,AF,2020-04-05,96,7,0,1.0,4.482665603600593,3.8532333225768185E-7,2020-04-10T18:20:35.389,0.8965189530528731,327,45,1.1595744680851063,15,5,1.5,0.04297994269340974,https://github.com/CSSEGISandData/COVID-19,0,0,0.0
0.02997275204359673,367,18,1.0515759312320916,Afghanistan,AF,2020-04-06,97,11,4,1.5714285714285714,13.783022520213324,4.623879987092182E-7,2020-04-11T12:17:16.989,0.9427577529237949,338,11,1.033639143730887,18,3,1.2,0.04904632152588556,https://github.com/CSSEGISandData/COVID-19,0,0,0.0
0.03309692671394799,423,56,1.1525885558583107,Afghanistan,AF,2020-04-07,98,14,3,1.2727272727272727,4.880963065992851,4.623879987092182E-7,2020-04-11T12:17:19.461,1.0866117969666629,391,53,1.1568047337278107,18,0,1.0,0.0425531914893617,https://github.com/CSSEGISandData/COVID-19,0,0,0.0
0.03153153153153153,444,21,1.049645390070922,Afghanistan,AF,2020-04-08,99,14,0,1.0,14.305739617361887,7.449584423648516E-7,2020-04-11T12:17:20.795,1.1405570634827382,401,10,1.0255754475703325,29,11,1.6111111111111112,0.06531531531531531,https://github.com/CSSEGISandData/COVID-19,0,0,0.0
0.030991735537190084,484,40,1.09009009009009,Afghanistan,AF,2020-04-09,100,15,1,1.0714285714285714,8.0355253194282,8.220231088163879E-7,2020-04-11T12:17:21.821,1.2433099520847868,437,36,1.0897755610972568,32,3,1.103448275862069,0.06611570247933884,https://github.com/CSSEGISandData/COVID-19,0,0,0.0
0.028790786948176585,521,37,1.0764462809917354,Afghanistan,AF,2020-04-10,101,15,0,1.0,9.40943338004184,8.220231088163879E-7,2020-04-11T12:17:22.498,1.3383563740416817,474,37,1.0846681922196797,32,0,1.0,0.061420345489443376,https://github.com/CSSEGISandData/COVID-19,0,0,0.0
