caseFatalityRisk,confirmed,confirmedDelta,confirmedGrowthRate,country,countryCode,dateId,dayId,deceased,deceasedDelta,deceasedGrowthRate,doublingTime,immunizationRate,importDate,incidencePer100k,infectious,infectiousDelta,infectiousGrowthRate,recovered,recoveredDelta,recoveredGrowthRate,recoveryRate,source,tested,testedDelta,testedPer1k
0.0,0,0,0.0,Andorra,AD,2020-01-22,22,0,0,0.0,0.0,0.0,2020-04-10T18:19:43.352,0.0,0,0,0.0,0,0,0.0,0.0,https://github.com/CSSEGISandData/COVID-19,0,0,0.0
0.0,0,0,0.0,Andorra,AD,2020-01-23,23,0,0,0.0,0.0,0.0,2020-04-10T18:19:44.043,0.0,0,0,0.0,0,0,0.0,0.0,https://github.com/CSSEGISandData/COVID-19,0,0,0.0
0.0,0,0,0.0,Andorra,AD,2020-01-24,24,0,0,0.0,0.0,0.0,2020-04-10T18:19:44.820,0.0,0,0,0.0,0,0,0.0,0.0,https://github.com/CSSEGISandData/COVID-19,0,0,0.0
0.0,0,0,0.0,Andorra,AD,2020-01-25,25,0,0,0.0,0.0,0.0,2020-04-10T18:19:45.370,0.0,0,0,0.0,0,0,0.0,0.0,https://github.com/CSSEGISandData/COVID-19,0,0,0.0
0.0,0,0,0.0,Andorra,AD,2020-01-26,26,0,0,0.0,0.0,0.0,2020-04-10T18:19:46.407,0.0,0,0,0.0,0,0,0.0,0.0,https://github.com/CSSEGISandData/COVID-19,0,0,0.0
0.0,0,0,0.0,Andorra,AD,2020-01-27,27,0,0,0.0,0.0,0.0,2020-04-10T18:19:47.315,0.0,0,0,0.0,0,0,0.0,0.0,https://github.com/CSSEGISandData/COVID-19,0,0,0.0
0.0,0,0,0.0,Andorra,AD,2020-01-28,28,0,0,0.0,0.0,0.0,2020-04-10T18:19:47.902,0.0,0,0,0.0,0,0,0.0,0.0,https://github.com/CSSEGISandData/COVID-19,0,0,0.0
0.0,0,0,0.0,Andorra,AD,2020-01-29,29,0,0,0.0,0.0,0.0,2020-04-10T18:19:48.482,0.0,0,0,0.0,0,0,0.0,0.0,https://github.com/CSSEGISandData/COVID-19,0,0,0.0
0.0,0,0,0.0,Andorra,AD,2020-01-30,30,0,0,0.0,0.0,0.0,2020-04-10T18:19:49.376,0.0,0,0,0.0,0,0,0.0,0.0,https://github.com/CSSEGISandData/COVID-19,0,0,0.0
0.0,0,0,0.0,Andorra,AD,2020-01-31,31,0,0,0.0,0.0,0.0,2020-04-10T18:19:49.939,0.0,0,0,0.0,0,0,0.0,0.0,https://github.com/CSSEGISandData/COVID-19,0,0,0.0
0.0,0,0,0.0,Andorra,AD,2020-02-01,32,0,0,0.0,0.0,0.0,2020-04-10T18:19:50.502,0.0,0,0,0.0,0,0,0.0,0.0,https://github.com/CSSEGISandData/COVID-19,0,0,0.0
0.0,0,0,0.0,Andorra,AD,2020-02-02,33,0,0,0.0,0.0,0.0,2020-04-10T18:19:51.050,0.0,0,0,0.0,0,0,0.0,0.0,https://github.com/CSSEGISandData/COVID-19,0,0,0.0
0.0,0,0,0.0,Andorra,AD,2020-02-03,34,0,0,0.0,0.0,0.0,2020-04-10T18:19:52.037,0.0,0,0,0.0,0,0,0.0,0.0,https://github.com/CSSEGISandData/COVID-19,0,0,0.0
0.0,0,0,0.0,Andorra,AD,2020-02-04,35,0,0,0.0,0.0,0.0,2020-04-10T18:19:52.960,0.0,0,0,0.0,0,0,0.0,0.0,https://github.com/CSSEGISandData/COVID-19,0,0,0.0
0.0,0,0,0.0,Andorra,AD,2020-02-05,36,0,0,0.0,0.0,0.0,2020-04-10T18:19:53.742,0.0,0,0,0.0,0,0,0.0,0.0,https://github.com/CSSEGISandData/COVID-19,0,0,0.0
0.0,0,0,0.0,Andorra,AD,2020-02-06,37,0,0,0.0,0.0,0.0,2020-04-10T18:19:54.403,0.0,0,0,0.0,0,0,0.0,0.0,https://github.com/CSSEGISandData/COVID-19,0,0,0.0
0.0,0,0,0.0,Andorra,AD,2020-02-07,38,0,0,0.0,0.0,0.0,2020-04-10T18:19:54.947,0.0,0,0,0.0,0,0,0.0,0.0,https://github.com/CSSEGISandData/COVID-19,0,0,0.0
0.0,0,0,0.0,Andorra,AD,2020-02-08,39,0,0,0.0,0.0,0.0,2020-04-10T18:19:55.491,0.0,0,0,0.0,0,0,0.0,0.0,https://github.com/CSSEGISandData/COVID-19,0,0,0.0
0.0,0,0,0.0,Andorra,AD,2020-02-09,40,0,0,0.0,0.0,0.0,2020-04-10T18:19:56.065,0.0,0,0,0.0,0,0,0.0,0.0,https://github.com/CSSEGISandData/COVID-19,0,0,0.0
0.0,0,0,0.0,Andorra,AD,2020-02-10,41,0,0,0.0,0.0,0.0,2020-04-10T18:19:56.631,0.0,0,0,0.0,0,0,0.0,0.0,https://github.com/CSSEGISandData/COVID-19,0,0,0.0
0.0,0,0,0.0,Andorra,AD,2020-02-11,42,0,0,0.0,0.0,0.0,2020-04-10T18:19:57.180,0.0,0,0,0.0,0,0,0.0,0.0,https://github.com/CSSEGISandData/COVID-19,0,0,0.0
0.0,0,0,0.0,Andorra,AD,2020-02-12,43,0,0,0.0,0.0,0.0,2020-04-10T18:19:57.978,0.0,0,0,0.0,0,0,0.0,0.0,https://github.com/CSSEGISandData/COVID-19,0,0,0.0
0.0,0,0,0.0,Andorra,AD,2020-02-13,44,0,0,0.0,0.0,0.0,2020-04-10T18:19:58.542,0.0,0,0,0.0,0,0,0.0,0.0,https://github.com/CSSEGISandData/COVID-19,0,0,0.0
0.0,0,0,0.0,Andorra,AD,2020-02-14,45,0,0,0.0,0.0,0.0,2020-04-10T18:19:59.135,0.0,0,0,0.0,0,0,0.0,0.0,https://github.com/CSSEGISandData/COVID-19,0,0,0.0
0.0,0,0,0.0,Andorra,AD,2020-02-15,46,0,0,0.0,0.0,0.0,2020-04-10T18:19:59.698,0.0,0,0,0.0,0,0,0.0,0.0,https://github.com/CSSEGISandData/COVID-19,0,0,0.0
0.0,0,0,0.0,Andorra,AD,2020-02-16,47,0,0,0.0,0.0,0.0,2020-04-10T18:20:00.276,0.0,0,0,0.0,0,0,0.0,0.0,https://github.com/CSSEGISandData/COVID-19,0,0,0.0
0.0,0,0,0.0,Andorra,AD,2020-02-17,48,0,0,0.0,0.0,0.0,2020-04-10T18:20:01.153,0.0,0,0,0.0,0,0,0.0,0.0,https://github.com/CSSEGISandData/COVID-19,0,0,0.0
0.0,0,0,0.0,Andorra,AD,2020-02-18,49,0,0,0.0,0.0,0.0,2020-04-10T18:20:01.716,0.0,0,0,0.0,0,0,0.0,0.0,https://github.com/CSSEGISandData/COVID-19,0,0,0.0
0.0,0,0,0.0,Andorra,AD,2020-02-19,50,0,0,0.0,0.0,0.0,2020-04-10T18:20:02.512,0.0,0,0,0.0,0,0,0.0,0.0,https://github.com/CSSEGISandData/COVID-19,0,0,0.0
0.0,0,0,0.0,Andorra,AD,2020-02-20,51,0,0,0.0,0.0,0.0,2020-04-10T18:20:03.082,0.0,0,0,0.0,0,0,0.0,0.0,https://github.com/CSSEGISandData/COVID-19,0,0,0.0
0.0,0,0,0.0,Andorra,AD,2020-02-21,52,0,0,0.0,0.0,0.0,2020-04-10T18:20:03.898,0.0,0,0,0.0,0,0,0.0,0.0,https://github.com/CSSEGISandData/COVID-19,0,0,0.0
0.0,0,0,0.0,Andorra,AD,2020-02-22,53,0,0,0.0,0.0,0.0,2020-04-10T18:20:04.690,0.0,0,0,0.0,0,0,0.0,0.0,https://github.com/CSSEGISandData/COVID-19,0,0,0.0
0.0,0,0,0.0,Andorra,AD,2020-02-23,54,0,0,0.0,0.0,0.0,2020-04-10T18:20:05.298,0.0,0,0,0.0,0,0,0.0,0.0,https://github.com/CSSEGISandData/COVID-19,0,0,0.0
0.0,0,0,0.0,Andorra,AD,2020-02-24,55,0,0,0.0,0.0,0.0,2020-04-10T18:20:05.884,0.0,0,0,0.0,0,0,0.0,0.0,https://github.com/CSSEGISandData/COVID-19,0,0,0.0
0.0,0,0,0.0,Andorra,AD,2020-02-25,56,0,0,0.0,0.0,0.0,2020-04-10T18:20:06.478,0.0,0,0,0.0,0,0,0.0,0.0,https://github.com/CSSEGISandData/COVID-19,0,0,0.0
0.0,0,0,0.0,Andorra,AD,2020-02-26,57,0,0,0.0,0.0,0.0,2020-04-10T18:20:07.046,0.0,0,0,0.0,0,0,0.0,0.0,https://github.com/CSSEGISandData/COVID-19,0,0,0.0
0.0,0,0,0.0,Andorra,AD,2020-02-27,58,0,0,0.0,0.0,0.0,2020-04-10T18:20:07.605,0.0,0,0,0.0,0,0,0.0,0.0,https://github.com/CSSEGISandData/COVID-19,0,0,0.0
0.0,0,0,0.0,Andorra,AD,2020-02-28,59,0,0,0.0,0.0,0.0,2020-04-10T18:20:08.151,0.0,0,0,0.0,0,0,0.0,0.0,https://github.com/CSSEGISandData/COVID-19,0,0,0.0
0.0,0,0,0.0,Andorra,AD,2020-02-29,60,0,0,0.0,0.0,0.0,2020-04-10T18:20:08.726,0.0,0,0,0.0,0,0,0.0,0.0,https://github.com/CSSEGISandData/COVID-19,0,0,0.0
0.0,0,0,0.0,Andorra,AD,2020-03-01,61,0,0,0.0,0.0,0.0,2020-04-10T18:20:09.647,0.0,0,0,0.0,0,0,0.0,0.0,https://github.com/CSSEGISandData/COVID-19,0,0,0.0
0.0,1,0,0.0,Andorra,AD,2020-03-02,62,0,0,0.0,0.0,0.0,2020-04-10T18:20:10.275,1.2942470717660002,1,0,0.0,0,0,0.0,0.0,https://github.com/CSSEGISandData/COVID-19,0,0,0.0
0.0,1,0,1.0,Andorra,AD,2020-03-03,63,0,0,0.0,0.0,0.0,2020-04-10T18:20:10.861,1.2942470717660002,1,0,1.0,0,0,0.0,0.0,https://github.com/CSSEGISandData/COVID-19,0,0,0.0
0.0,1,0,1.0,Andorra,AD,2020-03-04,64,0,0,0.0,0.0,0.0,2020-04-10T18:20:11.405,1.2942470717660002,1,0,1.0,0,0,0.0,0.0,https://github.com/CSSEGISandData/COVID-19,0,0,0.0
0.0,1,0,1.0,Andorra,AD,2020-03-05,65,0,0,0.0,0.0,0.0,2020-04-10T18:20:12.002,1.2942470717660002,1,0,1.0,0,0,0.0,0.0,https://github.com/CSSEGISandData/COVID-19,0,0,0.0
0.0,1,0,1.0,Andorra,AD,2020-03-06,66,0,0,0.0,0.0,0.0,2020-04-10T18:20:12.584,1.2942470717660002,1,0,1.0,0,0,0.0,0.0,https://github.com/CSSEGISandData/COVID-19,0,0,0.0
0.0,1,0,1.0,Andorra,AD,2020-03-07,67,0,0,0.0,0.0,0.0,2020-04-10T18:20:13.164,1.2942470717660002,1,0,1.0,0,0,0.0,0.0,https://github.com/CSSEGISandData/COVID-19,0,0,0.0
0.0,1,0,1.0,Andorra,AD,2020-03-08,68,0,0,0.0,0.0,0.0,2020-04-10T18:20:14.083,1.2942470717660002,1,0,1.0,0,0,0.0,0.0,https://github.com/CSSEGISandData/COVID-19,0,0,0.0
0.0,1,0,1.0,Andorra,AD,2020-03-09,69,0,0,0.0,0.0,0.0,2020-04-10T18:20:14.634,1.2942470717660002,1,0,1.0,0,0,0.0,0.0,https://github.com/CSSEGISandData/COVID-19,0,0,0.0
0.0,1,0,1.0,Andorra,AD,2020-03-10,70,0,0,0.0,0.0,0.0,2020-04-10T18:20:15.233,1.2942470717660002,1,0,1.0,0,0,0.0,0.0,https://github.com/CSSEGISandData/COVID-19,0,0,0.0
0.0,1,0,1.0,Andorra,AD,2020-03-11,71,0,0,0.0,0.0,0.0,2020-04-10T18:20:15.750,1.2942470717660002,1,0,1.0,0,0,0.0,0.0,https://github.com/CSSEGISandData/COVID-19,0,0,0.0
0.0,1,0,1.0,Andorra,AD,2020-03-12,72,0,0,0.0,0.0,1.2942470717660001E-5,2020-04-10T18:20:16.529,1.2942470717660002,1,0,1.0,1,0,0.0,1.0,https://github.com/CSSEGISandData/COVID-19,0,0,0.0
0.0,1,0,1.0,Andorra,AD,2020-03-13,73,0,0,0.0,0.0,1.2942470717660001E-5,2020-04-10T18:20:17.076,1.2942470717660002,1,0,1.0,1,0,1.0,1.0,https://github.com/CSSEGISandData/COVID-19,0,0,0.0
0.0,1,0,1.0,Andorra,AD,2020-03-14,74,0,0,0.0,0.0,1.2942470717660001E-5,2020-04-10T18:20:17.661,1.2942470717660002,1,0,1.0,1,0,1.0,1.0,https://github.com/CSSEGISandData/COVID-19,0,0,0.0
0.0,1,0,1.0,Andorra,AD,2020-03-15,75,0,0,0.0,0.0,1.2942470717660001E-5,2020-04-10T18:20:18.560,1.2942470717660002,1,0,1.0,1,0,1.0,1.0,https://github.com/CSSEGISandData/COVID-19,0,0,0.0
0.0,2,1,2.0,Andorra,AD,2020-03-16,76,0,0,0.0,1.0,1.2942470717660001E-5,2020-04-10T18:20:19.154,2.5884941435320004,1,0,1.0,1,0,1.0,0.5,https://github.com/CSSEGISandData/COVID-19,0,0,0.0
0.0,39,37,19.5,Andorra,AD,2020-03-17,77,0,0,0.0,0.23335032487697147,1.2942470717660001E-5,2020-04-10T18:20:20.099,50.47563579887401,38,37,38.0,1,0,1.0,0.02564102564102564,https://github.com/CSSEGISandData/COVID-19,0,0,0.0
0.0,39,0,1.0,Andorra,AD,2020-03-18,78,0,0,0.0,0.0,1.2942470717660001E-5,2020-04-10T18:20:21.333,50.47563579887401,38,0,1.0,1,0,1.0,0.02564102564102564,https://github.com/CSSEGISandData/COVID-19,0,0,0.0
0.0,53,14,1.358974358974359,Andorra,AD,2020-03-19,79,0,0,0.0,2.2597938781347517,1.2942470717660001E-5,2020-04-10T18:20:21.900,68.59509480359802,52,14,1.368421052631579,1,0,1.0,0.018867924528301886,https://github.com/CSSEGISandData/COVID-19,0,0,0.0
0.0,75,22,1.4150943396226414,Andorra,AD,2020-03-20,80,0,0,0.0,1.9964134993168459,1.2942470717660001E-5,2020-04-10T18:20:22.472,97.06853038245002,74,22,1.4230769230769231,1,0,1.0,0.013333333333333334,https://github.com/CSSEGISandData/COVID-19,0,0,0.0
0.0,88,13,1.1733333333333333,Andorra,AD,2020-03-21,81,0,0,0.0,4.336270338611634,1.2942470717660001E-5,2020-04-10T18:20:23.271,113.89374231540802,87,13,1.1756756756756757,1,0,1.0,0.011363636363636364,https://github.com/CSSEGISandData/COVID-19,0,0,0.0
0.008849557522123894,113,25,1.2840909090909092,Andorra,AD,2020-03-22,82,1,0,0.0,2.7720231825620663,1.2942470717660001E-5,2020-04-10T18:20:23.898,146.24991910955802,111,24,1.2758620689655173,1,0,1.0,0.008849557522123894,https://github.com/CSSEGISandData/COVID-19,0,0,0.0
0.007518796992481203,133,20,1.176991150442478,Andorra,AD,2020-03-23,83,1,0,1.0,4.253446309719956,1.2942470717660001E-5,2020-04-10T18:20:24.536,172.13486054487802,131,20,1.1801801801801801,1,0,1.0,0.007518796992481203,https://github.com/CSSEGISandData/COVID-19,0,0,0.0
0.006097560975609756,164,31,1.2330827067669172,Andorra,AD,2020-03-24,84,1,0,1.0,3.30830524197849,1.2942470717660001E-5,2020-04-10T18:20:25.182,212.25651976962405,162,31,1.2366412213740459,1,0,1.0,0.006097560975609756,https://github.com/CSSEGISandData/COVID-19,0,0,0.0
0.005319148936170213,188,24,1.146341463414634,Andorra,AD,2020-03-25,85,1,0,1.0,5.075192863280816,1.2942470717660001E-5,2020-04-10T18:20:25.785,243.31844949200803,186,24,1.1481481481481481,1,0,1.0,0.005319148936170213,https://github.com/CSSEGISandData/COVID-19,0,0,0.0
0.013392857142857142,224,36,1.1914893617021276,Andorra,AD,2020-03-26,86,3,2,3.0,3.9562271886284637,1.2942470717660001E-5,2020-04-10T18:20:26.390,289.91134407558405,220,34,1.1827956989247312,1,0,1.0,0.004464285714285714,https://github.com/CSSEGISandData/COVID-19,0,0,0.0
0.011235955056179775,267,43,1.1919642857142858,Andorra,AD,2020-03-27,87,3,0,1.0,3.947248814791887,1.2942470717660001E-5,2020-04-10T18:20:27.219,345.56396816152204,263,43,1.1954545454545455,1,0,1.0,0.003745318352059925,https://github.com/CSSEGISandData/COVID-19,0,0,0.0
0.00974025974025974,308,41,1.1535580524344569,Andorra,AD,2020-03-28,88,3,0,1.0,4.852234678797756,1.2942470717660001E-5,2020-04-10T18:20:28.135,398.62809810392804,304,41,1.155893536121673,1,0,1.0,0.003246753246753247,https://github.com/CSSEGISandData/COVID-19,0,0,0.0
0.017964071856287425,334,26,1.0844155844155845,Andorra,AD,2020-03-29,89,6,3,2.0,8.553021117690719,1.2942470717660001E-5,2020-04-10T18:20:29.060,432.27852196984406,327,23,1.075657894736842,1,0,1.0,0.0029940119760479044,https://github.com/CSSEGISandData/COVID-19,0,0,0.0
0.021621621621621623,370,36,1.1077844311377245,Andorra,AD,2020-03-30,90,8,2,1.3333333333333333,6.771527469390774,1.2942470717660002E-4,2020-04-10T18:20:29.977,478.8714165534201,352,25,1.0764525993883791,10,9,10.0,0.02702702702702703,https://github.com/CSSEGISandData/COVID-19,0,0,0.0
0.031914893617021274,376,6,1.0162162162162163,Andorra,AD,2020-03-31,91,12,4,1.5,43.08972055706464,1.2942470717660002E-4,2020-04-10T18:20:30.887,486.63689898401606,354,2,1.0056818181818181,10,0,1.0,0.026595744680851064,https://github.com/CSSEGISandData/COVID-19,0,0,0.0
0.035897435897435895,390,14,1.0372340425531914,Andorra,AD,2020-04-01,92,14,2,1.1666666666666667,18.96041483710403,1.2942470717660002E-4,2020-04-10T18:20:31.901,504.7563579887401,366,12,1.0338983050847457,10,0,1.0,0.02564102564102564,https://github.com/CSSEGISandData/COVID-19,0,0,0.0
0.035046728971962614,428,38,1.0974358974358975,Andorra,AD,2020-04-02,93,15,1,1.0714285714285714,7.455082791548177,1.2942470717660002E-4,2020-04-10T18:20:32.752,553.9377467158481,403,37,1.1010928961748634,10,0,1.0,0.02336448598130841,https://github.com/CSSEGISandData/COVID-19,0,0,0.0
0.03644646924829157,439,11,1.0257009345794392,Andorra,AD,2020-04-03,94,16,1,1.0666666666666667,27.31483447999761,2.0707953148256002E-4,2020-04-10T18:20:33.748,568.174464505274,407,4,1.0099255583126552,16,6,1.6,0.03644646924829157,https://github.com/CSSEGISandData/COVID-19,0,0,0.0
0.03648068669527897,466,27,1.061503416856492,Andorra,AD,2020-04-04,95,17,1,1.0625,11.613185897190151,2.7179188507086004E-4,2020-04-10T18:20:34.759,603.1191354429561,428,21,1.0515970515970516,21,5,1.3125,0.045064377682403435,https://github.com/CSSEGISandData/COVID-19,0,0,0.0
0.03592814371257485,501,35,1.0751072961373391,Andorra,AD,2020-04-05,96,18,1,1.0588235294117647,9.571150389713262,3.3650423865916004E-4,2020-04-10T18:20:35.389,648.4177829547662,457,29,1.0677570093457944,26,5,1.2380952380952381,0.05189620758483034,https://github.com/CSSEGISandData/COVID-19,0,0,0.0
0.04,525,24,1.0479041916167664,Andorra,AD,2020-04-06,97,21,3,1.1666666666666667,14.813318261859388,4.0121659224746003E-4,2020-04-11T12:17:16.988,679.4797126771501,473,16,1.0350109409190371,31,5,1.1923076923076923,0.05904761904761905,https://github.com/CSSEGISandData/COVID-19,0,0,0.0
0.04036697247706422,545,20,1.0380952380952382,Andorra,AD,2020-04-07,98,22,1,1.0476190476190477,18.539527541752065,5.047563579887401E-4,2020-04-11T12:17:19.460,705.3646541124701,484,11,1.0232558139534884,39,8,1.2580645161290323,0.07155963302752294,https://github.com/CSSEGISandData/COVID-19,0,0,0.0
0.040780141843971635,564,19,1.034862385321101,Andorra,AD,2020-04-08,99,23,1,1.0454545454545454,20.22697385823763,6.730084773183201E-4,2020-04-11T12:17:20.794,729.9553484760241,489,5,1.0103305785123966,52,13,1.3333333333333333,0.09219858156028368,https://github.com/CSSEGISandData/COVID-19,0,0,0.0
0.04288164665523156,583,19,1.0336879432624113,Andorra,AD,2020-04-09,100,25,2,1.0869565217391304,20.920186625394493,7.506633016242801E-4,2020-04-11T12:17:21.821,754.5460428395781,500,11,1.0224948875255624,58,6,1.1153846153846154,0.09948542024013722,https://github.com/CSSEGISandData/COVID-19,0,0,0.0
0.04326123128119801,601,18,1.0308747855917668,Andorra,AD,2020-04-10,101,26,1,1.04,22.795084211739212,9.189154209538601E-4,2020-04-11T12:17:22.498,777.8424901313662,504,4,1.008,71,13,1.2241379310344827,0.11813643926788686,https://github.com/CSSEGISandData/COVID-19,0,0,0.0
