caseFatalityRisk,confirmed,confirmedDelta,confirmedGrowthRate,country,countryCode,dateId,dayId,deceased,deceasedDelta,deceasedGrowthRate,doublingTime,immunizationRate,importDate,incidencePer100k,recovered,recoveredDelta,recoveredGrowthRate,recoveryRate,source
,0,,,Austria,AT,2020-01-22,22,0,,,,0.0,2020-04-08T07:39:55.347,0.0,0,,,,https://github.com/CSSEGISandData/COVID-19
,0,,,Austria,AT,2020-01-23,23,0,,,,0.0,2020-04-08T07:39:57.121,0.0,0,,,,https://github.com/CSSEGISandData/COVID-19
,0,,,Austria,AT,2020-01-24,24,0,,,,0.0,2020-04-08T07:39:58.149,0.0,0,,,,https://github.com/CSSEGISandData/COVID-19
,0,,,Austria,AT,2020-01-25,25,0,,,,0.0,2020-04-08T07:39:59.170,0.0,0,,,,https://github.com/CSSEGISandData/COVID-19
,0,,,Austria,AT,2020-01-26,26,0,,,,0.0,2020-04-08T07:40:00.090,0.0,0,,,,https://github.com/CSSEGISandData/COVID-19
,0,,,Austria,AT,2020-01-27,27,0,,,,0.0,2020-04-08T07:40:01.015,0.0,0,,,,https://github.com/CSSEGISandData/COVID-19
,0,,,Austria,AT,2020-01-28,28,0,,,,0.0,2020-04-08T07:40:01.832,0.0,0,,,,https://github.com/CSSEGISandData/COVID-19
,0,,,Austria,AT,2020-01-29,29,0,,,,0.0,2020-04-08T07:40:02.754,0.0,0,,,,https://github.com/CSSEGISandData/COVID-19
,0,,,Austria,AT,2020-01-30,30,0,,,,0.0,2020-04-08T07:40:03.536,0.0,0,,,,https://github.com/CSSEGISandData/COVID-19
,0,,,Austria,AT,2020-01-31,31,0,,,,0.0,2020-04-08T07:40:04.394,0.0,0,,,,https://github.com/CSSEGISandData/COVID-19
,0,,,Austria,AT,2020-02-01,32,0,,,,0.0,2020-04-08T07:40:05.265,0.0,0,,,,https://github.com/CSSEGISandData/COVID-19
,0,,,Austria,AT,2020-02-02,33,0,,,,0.0,2020-04-08T07:40:06.133,0.0,0,,,,https://github.com/CSSEGISandData/COVID-19
,0,,,Austria,AT,2020-02-03,34,0,,,,0.0,2020-04-08T07:40:06.906,0.0,0,,,,https://github.com/CSSEGISandData/COVID-19
,0,,,Austria,AT,2020-02-04,35,0,,,,0.0,2020-04-08T07:40:07.635,0.0,0,,,,https://github.com/CSSEGISandData/COVID-19
,0,,,Austria,AT,2020-02-05,36,0,,,,0.0,2020-04-08T07:40:08.446,0.0,0,,,,https://github.com/CSSEGISandData/COVID-19
,0,,,Austria,AT,2020-02-06,37,0,,,,0.0,2020-04-08T07:40:09.252,0.0,0,,,,https://github.com/CSSEGISandData/COVID-19
,0,,,Austria,AT,2020-02-07,38,0,,,,0.0,2020-04-08T07:40:10.023,0.0,0,,,,https://github.com/CSSEGISandData/COVID-19
,0,,,Austria,AT,2020-02-08,39,0,,,,0.0,2020-04-08T07:40:10.841,0.0,0,,,,https://github.com/CSSEGISandData/COVID-19
,0,,,Austria,AT,2020-02-09,40,0,,,,0.0,2020-04-08T07:40:11.870,0.0,0,,,,https://github.com/CSSEGISandData/COVID-19
,0,,,Austria,AT,2020-02-10,41,0,,,,0.0,2020-04-08T07:40:12.688,0.0,0,,,,https://github.com/CSSEGISandData/COVID-19
,0,,,Austria,AT,2020-02-11,42,0,,,,0.0,2020-04-08T07:40:13.455,0.0,0,,,,https://github.com/CSSEGISandData/COVID-19
,0,,,Austria,AT,2020-02-12,43,0,,,,0.0,2020-04-08T07:40:14.290,0.0,0,,,,https://github.com/CSSEGISandData/COVID-19
,0,,,Austria,AT,2020-02-13,44,0,,,,0.0,2020-04-08T07:40:15.250,0.0,0,,,,https://github.com/CSSEGISandData/COVID-19
,0,,,Austria,AT,2020-02-14,45,0,,,,0.0,2020-04-08T07:40:16.073,0.0,0,,,,https://github.com/CSSEGISandData/COVID-19
,0,,,Austria,AT,2020-02-15,46,0,,,,0.0,2020-04-08T07:40:16.927,0.0,0,,,,https://github.com/CSSEGISandData/COVID-19
,0,,,Austria,AT,2020-02-16,47,0,,,,0.0,2020-04-08T07:40:17.708,0.0,0,,,,https://github.com/CSSEGISandData/COVID-19
,0,,,Austria,AT,2020-02-17,48,0,,,,0.0,2020-04-08T07:40:18.489,0.0,0,,,,https://github.com/CSSEGISandData/COVID-19
,0,,,Austria,AT,2020-02-18,49,0,,,,0.0,2020-04-08T07:40:19.352,0.0,0,,,,https://github.com/CSSEGISandData/COVID-19
,0,,,Austria,AT,2020-02-19,50,0,,,,0.0,2020-04-08T07:40:20.126,0.0,0,,,,https://github.com/CSSEGISandData/COVID-19
,0,,,Austria,AT,2020-02-20,51,0,,,,0.0,2020-04-08T07:40:20.880,0.0,0,,,,https://github.com/CSSEGISandData/COVID-19
,0,,,Austria,AT,2020-02-21,52,0,,,,0.0,2020-04-08T07:40:21.727,0.0,0,,,,https://github.com/CSSEGISandData/COVID-19
,0,,,Austria,AT,2020-02-22,53,0,,,,0.0,2020-04-08T07:40:22.499,0.0,0,,,,https://github.com/CSSEGISandData/COVID-19
,0,,,Austria,AT,2020-02-23,54,0,,,,0.0,2020-04-08T07:40:23.350,0.0,0,,,,https://github.com/CSSEGISandData/COVID-19
,0,,,Austria,AT,2020-02-24,55,0,,,,0.0,2020-04-08T07:40:24.128,0.0,0,,,,https://github.com/CSSEGISandData/COVID-19
,2,0,0.0,Austria,AT,2020-02-25,56,0,0,0.0,-0.0,0.0,2020-04-08T07:40:25.196,0.022206435913669373,0,0,0.0,,https://github.com/CSSEGISandData/COVID-19
,2,0,1.0,Austria,AT,2020-02-26,57,0,0,0.0,,0.0,2020-04-08T07:40:26.014,0.022206435913669373,0,0,0.0,,https://github.com/CSSEGISandData/COVID-19
,3,1,1.5,Austria,AT,2020-02-27,58,0,0,0.0,1.7095112913514547,0.0,2020-04-08T07:40:26.812,0.03330965387050406,0,0,0.0,,https://github.com/CSSEGISandData/COVID-19
,3,0,1.0,Austria,AT,2020-02-28,59,0,0,0.0,,0.0,2020-04-08T07:40:27.652,0.03330965387050406,0,0,0.0,,https://github.com/CSSEGISandData/COVID-19
,9,6,3.0,Austria,AT,2020-02-29,60,0,0,0.0,0.6309297535714574,0.0,2020-04-08T07:40:28.413,0.09992896161151217,0,0,0.0,,https://github.com/CSSEGISandData/COVID-19
,14,5,1.5555555555555556,Austria,AT,2020-03-01,61,0,0,0.0,1.5687999067171656,0.0,2020-04-08T07:40:29.174,0.1554450513956856,0,0,0.0,,https://github.com/CSSEGISandData/COVID-19
,18,4,1.2857142857142858,Austria,AT,2020-03-02,62,0,0,0.0,2.758087489450393,0.0,2020-04-08T07:40:29.998,0.19985792322302434,0,0,0.0,,https://github.com/CSSEGISandData/COVID-19
,21,3,1.1666666666666667,Austria,AT,2020-03-03,63,0,0,0.0,4.49655610560192,0.0,2020-04-08T07:40:30.770,0.2331675770935284,0,0,0.0,,https://github.com/CSSEGISandData/COVID-19
,29,8,1.380952380952381,Austria,AT,2020-03-04,64,0,0,0.0,2.147473110159744,0.0,2020-04-08T07:40:31.536,0.32199332074820586,0,0,0.0,,https://github.com/CSSEGISandData/COVID-19
,41,12,1.4137931034482758,Austria,AT,2020-03-05,65,0,0,0.0,2.00171743556507,0.0,2020-04-08T07:40:32.318,0.4552319362302221,0,0,0.0,,https://github.com/CSSEGISandData/COVID-19
,55,14,1.3414634146341464,Austria,AT,2020-03-06,66,0,0,0.0,2.359560666274807,0.0,2020-04-08T07:40:33.182,0.6106769876259077,0,0,0.0,,https://github.com/CSSEGISandData/COVID-19
,79,24,1.4363636363636363,Austria,AT,2020-03-07,67,0,0,0.0,1.914164885541565,0.0,2020-04-08T07:40:34.005,0.8771542185899401,0,0,0.0,,https://github.com/CSSEGISandData/COVID-19
,104,25,1.3164556962025316,Austria,AT,2020-03-08,68,0,0,0.0,2.521057320576377,0.0,2020-04-08T07:40:35.057,1.1547346675108072,0,0,0.0,,https://github.com/CSSEGISandData/COVID-19
,131,27,1.2596153846153846,Austria,AT,2020-03-09,69,0,0,0.0,3.0031537613546675,2.220643591366937E-7,2020-04-08T07:40:35.855,1.4545215523453439,2,0,0.0,0.015267175572519083,https://github.com/CSSEGISandData/COVID-19
,182,51,1.3893129770992367,Austria,AT,2020-03-10,70,0,0,0.0,2.1080518279342386,4.441287182733874E-7,2020-04-08T07:40:36.668,2.0207856681439127,4,2,2.0,0.02197802197802198,https://github.com/CSSEGISandData/COVID-19
,246,64,1.3516483516483517,Austria,AT,2020-03-11,71,0,0,0.0,2.3003319613119193,4.441287182733874E-7,2020-04-08T07:40:37.488,2.7313916173813326,4,0,1.0,0.016260162601626018,https://github.com/CSSEGISandData/COVID-19
0.0033112582781456954,302,56,1.2276422764227641,Austria,AT,2020-03-12,72,1,0,0.0,3.379631650998861,4.441287182733874E-7,2020-04-08T07:40:38.406,3.3531718229640752,4,0,1.0,0.013245033112582781,https://github.com/CSSEGISandData/COVID-19
0.001984126984126984,504,202,1.6688741721854305,Austria,AT,2020-03-13,73,1,0,1.0,1.3534085613076607,6.661930774100811E-7,2020-04-08T07:40:39.229,5.596021850244681,6,2,1.5,0.011904761904761904,https://github.com/CSSEGISandData/COVID-19
0.0015267175572519084,655,151,1.2996031746031746,Austria,AT,2020-03-14,74,1,0,1.0,2.645004622446181,6.661930774100811E-7,2020-04-08T07:40:40.048,7.272607761726719,6,0,1.0,0.00916030534351145,https://github.com/CSSEGISandData/COVID-19
0.0011627906976744186,860,205,1.3129770992366412,Austria,AT,2020-03-15,75,1,0,1.0,2.5455542643932776,6.661930774100811E-7,2020-04-08T07:40:40.844,9.54876744287783,6,0,1.0,0.0069767441860465115,https://github.com/CSSEGISandData/COVID-19
0.0029469548133595285,1018,158,1.1837209302325582,Austria,AT,2020-03-16,76,3,2,3.0,4.109662286206688,6.661930774100811E-7,2020-04-08T07:40:41.688,11.30307588005771,6,0,1.0,0.005893909626719057,https://github.com/CSSEGISandData/COVID-19
0.0022522522522522522,1332,314,1.3084479371316307,Austria,AT,2020-03-17,77,3,0,1.0,2.578273010424465,1.1103217956834685E-7,2020-04-08T07:40:42.236,14.789486318503801,1,-5,0.16666666666666666,7.507507507507507E-4,https://github.com/CSSEGISandData/COVID-19
0.002430133657351154,1646,314,1.2357357357357357,Austria,AT,2020-03-18,78,4,1,1.3333333333333333,3.2747132015267386,9.992896161151217E-7,2020-04-08T07:40:43.242,18.275896756949894,9,8,9.0,0.0054678007290400975,https://github.com/CSSEGISandData/COVID-19
0.0029806259314456036,2013,367,1.2229647630619684,Austria,AT,2020-03-19,79,6,2,1.5,3.4437297054262523,9.992896161151217E-7,2020-04-08T07:40:44.044,22.35077774710822,9,0,1.0,0.004470938897168405,https://github.com/CSSEGISandData/COVID-19
0.002512562814070352,2388,375,1.1862891207153503,Austria,AT,2020-03-20,80,6,0,1.0,4.057524921019387,9.992896161151217E-7,2020-04-08T07:40:44.945,26.51448448092123,9,0,1.0,0.0037688442211055275,https://github.com/CSSEGISandData/COVID-19
0.0028429282160625444,2814,426,1.178391959798995,Austria,AT,2020-03-21,81,8,2,1.3333333333333333,4.222625391491777,9.992896161151217E-7,2020-04-08T07:40:45.736,31.244455330532805,9,0,1.0,0.0031982942430703624,https://github.com/CSSEGISandData/COVID-19
0.004469273743016759,3580,766,1.2722103766879886,Austria,AT,2020-03-22,82,16,8,2.0,2.8790461556687506,9.992896161151217E-7,2020-04-08T07:40:46.775,39.74952028546817,9,0,1.0,0.0025139664804469273,https://github.com/CSSEGISandData/COVID-19
0.004693786320965579,4474,894,1.2497206703910615,Austria,AT,2020-03-23,83,21,5,1.3125,3.109397926339473,9.992896161151217E-7,2020-04-08T07:40:48.320,49.67579713887838,9,0,1.0,0.002011622708985248,https://github.com/CSSEGISandData/COVID-19
0.005300018928639031,5283,809,1.1808225301743407,Austria,AT,2020-03-24,84,28,7,1.3333333333333333,4.170278240685498,9.992896161151217E-7,2020-04-08T07:40:49.149,58.658300465957645,9,0,1.0,0.0017035775127768314,https://github.com/CSSEGISandData/COVID-19
0.005368647100930566,5588,305,1.0577323490441037,Austria,AT,2020-03-25,85,30,2,1.0714285714285714,12.3495499319505,9.992896161151217E-7,2020-04-08T07:40:50.646,62.04478194279223,9,0,1.0,0.0016105941302791697,https://github.com/CSSEGISandData/COVID-19
0.0070921985815602835,6909,1321,1.2363994273443093,Austria,AT,2020-03-26,86,49,19,1.6333333333333333,3.2664272018131824,1.2435604111654847E-5,2020-04-08T07:40:51.529,76.71213286377085,112,103,12.444444444444445,0.016210739614994935,https://github.com/CSSEGISandData/COVID-19
0.007574768185973619,7657,748,1.108264582428716,Austria,AT,2020-03-27,87,58,9,1.183673469387755,6.742981689970865,2.4982240402878044E-5,2020-04-08T07:40:52.802,85.01733989548319,225,113,2.0089285714285716,0.02938487658351835,https://github.com/CSSEGISandData/COVID-19
0.008221496796034337,8271,614,1.0801880632101346,Austria,AT,2020-03-28,88,68,10,1.1724137931034482,8.986138011915665,2.4982240402878044E-5,2020-04-08T07:40:54.439,91.83471572097969,225,0,1.0,0.02720348204570185,https://github.com/CSSEGISandData/COVID-19
0.00978607191624943,8788,517,1.0625075565227904,Austria,AT,2020-03-29,89,86,18,1.2647058823529411,11.432085757309583,5.3184414013238146E-5,2020-04-08T07:40:55.411,97.57507940466321,479,254,2.128888888888889,0.054506144742831136,https://github.com/CSSEGISandData/COVID-19
0.011228945726762321,9618,830,1.094446973145198,Austria,AT,2020-03-30,90,108,22,1.255813953488372,7.680370243348441,7.06164662054686E-5,2020-04-08T07:40:57.096,106.79075030883601,636,157,1.3277661795407099,0.066126013724267,https://github.com/CSSEGISandData/COVID-19
0.012573673870333988,10180,562,1.058432106467041,Austria,AT,2020-03-31,91,128,20,1.1851851851851851,12.205730504229555,1.215802366273398E-4,2020-04-08T07:40:58.550,113.0307588005771,1095,459,1.721698113207547,0.1075638506876228,https://github.com/CSSEGISandData/COVID-19
0.013630846793016524,10711,531,1.0521611001964637,Austria,AT,2020-04-01,92,146,18,1.140625,13.632221088389617,1.594422098601461E-4,2020-04-08T07:41:00.053,118.92656753565632,1436,341,1.3114155251141553,0.13406778078610773,https://github.com/CSSEGISandData/COVID-19
0.014197142600413335,11129,418,1.039025301092335,Austria,AT,2020-04-02,93,158,12,1.082191780821918,18.105844267986814,1.9419528206503865E-4,2020-04-08T07:41:01.542,123.56771264161321,1749,313,1.217966573816156,0.15715697726660077,https://github.com/CSSEGISandData/COVID-19
0.014578271433530025,11524,395,1.0354928565010333,Austria,AT,2020-04-03,94,168,10,1.0632911392405062,19.873761489439968,2.2450706708719735E-4,2020-04-08T07:41:02.926,127.95348373456292,2022,273,1.1560891938250428,0.1754599097535578,https://github.com/CSSEGISandData/COVID-19
0.01578813343519226,11781,257,1.0223012842762929,Austria,AT,2020-04-04,95,186,18,1.1071428571428572,31.42634280661906,2.7835767417784557E-4,2020-04-08T07:41:03.848,130.80701074946944,2507,485,1.2398615232443126,0.21280027162380102,https://github.com/CSSEGISandData/COVID-19
0.01692805576300722,12051,270,1.022918258212376,Austria,AT,2020-04-05,96,204,18,1.096774193548387,30.58958671125965,3.328744743459039E-4,2020-04-08T07:41:04.868,133.8048795978148,2998,491,1.1958516154766654,0.24877603518380217,https://github.com/CSSEGISandData/COVID-19
0.017890542408717573,12297,246,1.0204132437142146,Austria,AT,2020-04-06,97,220,16,1.0784313725490196,34.30116518954109,3.8450443784518516E-4,2020-04-08T07:41:05.697,136.53627121519614,3463,465,1.1551034022681788,0.28161340164267706,https://github.com/CSSEGISandData/COVID-19
