caseFatalityRisk,confirmed,confirmedDelta,confirmedGrowthRate,country,countryCode,dateId,dayId,deceased,deceasedDelta,deceasedGrowthRate,doublingTime,immunizationRate,importDate,incidencePer100k,recovered,recoveredDelta,recoveredGrowthRate,recoveryRate,source
,0,,,Bahrain,BH,2020-01-22,22,0,,,,0.0,2020-04-08T07:39:55.343,0.0,0,,,,https://github.com/CSSEGISandData/COVID-19
,0,,,Bahrain,BH,2020-01-23,23,0,,,,0.0,2020-04-08T07:39:57.117,0.0,0,,,,https://github.com/CSSEGISandData/COVID-19
,0,,,Bahrain,BH,2020-01-24,24,0,,,,0.0,2020-04-08T07:39:58.148,0.0,0,,,,https://github.com/CSSEGISandData/COVID-19
,0,,,Bahrain,BH,2020-01-25,25,0,,,,0.0,2020-04-08T07:39:59.169,0.0,0,,,,https://github.com/CSSEGISandData/COVID-19
,0,,,Bahrain,BH,2020-01-26,26,0,,,,0.0,2020-04-08T07:40:00.089,0.0,0,,,,https://github.com/CSSEGISandData/COVID-19
,0,,,Bahrain,BH,2020-01-27,27,0,,,,0.0,2020-04-08T07:40:01.014,0.0,0,,,,https://github.com/CSSEGISandData/COVID-19
,0,,,Bahrain,BH,2020-01-28,28,0,,,,0.0,2020-04-08T07:40:01.831,0.0,0,,,,https://github.com/CSSEGISandData/COVID-19
,0,,,Bahrain,BH,2020-01-29,29,0,,,,0.0,2020-04-08T07:40:02.753,0.0,0,,,,https://github.com/CSSEGISandData/COVID-19
,0,,,Bahrain,BH,2020-01-30,30,0,,,,0.0,2020-04-08T07:40:03.535,0.0,0,,,,https://github.com/CSSEGISandData/COVID-19
,0,,,Bahrain,BH,2020-01-31,31,0,,,,0.0,2020-04-08T07:40:04.393,0.0,0,,,,https://github.com/CSSEGISandData/COVID-19
,0,,,Bahrain,BH,2020-02-01,32,0,,,,0.0,2020-04-08T07:40:05.264,0.0,0,,,,https://github.com/CSSEGISandData/COVID-19
,0,,,Bahrain,BH,2020-02-02,33,0,,,,0.0,2020-04-08T07:40:06.132,0.0,0,,,,https://github.com/CSSEGISandData/COVID-19
,0,,,Bahrain,BH,2020-02-03,34,0,,,,0.0,2020-04-08T07:40:06.905,0.0,0,,,,https://github.com/CSSEGISandData/COVID-19
,0,,,Bahrain,BH,2020-02-04,35,0,,,,0.0,2020-04-08T07:40:07.634,0.0,0,,,,https://github.com/CSSEGISandData/COVID-19
,0,,,Bahrain,BH,2020-02-05,36,0,,,,0.0,2020-04-08T07:40:08.445,0.0,0,,,,https://github.com/CSSEGISandData/COVID-19
,0,,,Bahrain,BH,2020-02-06,37,0,,,,0.0,2020-04-08T07:40:09.251,0.0,0,,,,https://github.com/CSSEGISandData/COVID-19
,0,,,Bahrain,BH,2020-02-07,38,0,,,,0.0,2020-04-08T07:40:10.022,0.0,0,,,,https://github.com/CSSEGISandData/COVID-19
,0,,,Bahrain,BH,2020-02-08,39,0,,,,0.0,2020-04-08T07:40:10.840,0.0,0,,,,https://github.com/CSSEGISandData/COVID-19
,0,,,Bahrain,BH,2020-02-09,40,0,,,,0.0,2020-04-08T07:40:11.869,0.0,0,,,,https://github.com/CSSEGISandData/COVID-19
,0,,,Bahrain,BH,2020-02-10,41,0,,,,0.0,2020-04-08T07:40:12.687,0.0,0,,,,https://github.com/CSSEGISandData/COVID-19
,0,,,Bahrain,BH,2020-02-11,42,0,,,,0.0,2020-04-08T07:40:13.454,0.0,0,,,,https://github.com/CSSEGISandData/COVID-19
,0,,,Bahrain,BH,2020-02-12,43,0,,,,0.0,2020-04-08T07:40:14.289,0.0,0,,,,https://github.com/CSSEGISandData/COVID-19
,0,,,Bahrain,BH,2020-02-13,44,0,,,,0.0,2020-04-08T07:40:15.249,0.0,0,,,,https://github.com/CSSEGISandData/COVID-19
,0,,,Bahrain,BH,2020-02-14,45,0,,,,0.0,2020-04-08T07:40:16.072,0.0,0,,,,https://github.com/CSSEGISandData/COVID-19
,0,,,Bahrain,BH,2020-02-15,46,0,,,,0.0,2020-04-08T07:40:16.927,0.0,0,,,,https://github.com/CSSEGISandData/COVID-19
,0,,,Bahrain,BH,2020-02-16,47,0,,,,0.0,2020-04-08T07:40:17.707,0.0,0,,,,https://github.com/CSSEGISandData/COVID-19
,0,,,Bahrain,BH,2020-02-17,48,0,,,,0.0,2020-04-08T07:40:18.488,0.0,0,,,,https://github.com/CSSEGISandData/COVID-19
,0,,,Bahrain,BH,2020-02-18,49,0,,,,0.0,2020-04-08T07:40:19.351,0.0,0,,,,https://github.com/CSSEGISandData/COVID-19
,0,,,Bahrain,BH,2020-02-19,50,0,,,,0.0,2020-04-08T07:40:20.125,0.0,0,,,,https://github.com/CSSEGISandData/COVID-19
,0,,,Bahrain,BH,2020-02-20,51,0,,,,0.0,2020-04-08T07:40:20.879,0.0,0,,,,https://github.com/CSSEGISandData/COVID-19
,0,,,Bahrain,BH,2020-02-21,52,0,,,,0.0,2020-04-08T07:40:21.726,0.0,0,,,,https://github.com/CSSEGISandData/COVID-19
,0,,,Bahrain,BH,2020-02-22,53,0,,,,0.0,2020-04-08T07:40:22.498,0.0,0,,,,https://github.com/CSSEGISandData/COVID-19
,0,,,Bahrain,BH,2020-02-23,54,0,,,,0.0,2020-04-08T07:40:23.349,0.0,0,,,,https://github.com/CSSEGISandData/COVID-19
,1,0,0.0,Bahrain,BH,2020-02-24,55,0,0,0.0,-0.0,0.0,2020-04-08T07:40:24.127,0.05876908158617751,0,0,0.0,,https://github.com/CSSEGISandData/COVID-19
,23,22,23.0,Bahrain,BH,2020-02-25,56,0,0,0.0,0.22106472945750374,0.0,2020-04-08T07:40:25.195,1.3516888764820827,0,0,0.0,,https://github.com/CSSEGISandData/COVID-19
,33,10,1.434782608695652,Bahrain,BH,2020-02-26,57,0,0,0.0,1.920004313215259,0.0,2020-04-08T07:40:26.013,1.9393796923438578,0,0,0.0,,https://github.com/CSSEGISandData/COVID-19
,33,0,1.0,Bahrain,BH,2020-02-27,58,0,0,0.0,,0.0,2020-04-08T07:40:26.811,1.9393796923438578,0,0,0.0,,https://github.com/CSSEGISandData/COVID-19
,36,3,1.0909090909090908,Bahrain,BH,2020-02-28,59,0,0,0.0,7.96616723629781,0.0,2020-04-08T07:40:27.651,2.1156869371023905,0,0,0.0,,https://github.com/CSSEGISandData/COVID-19
,41,5,1.1388888888888888,Bahrain,BH,2020-02-29,60,0,0,0.0,5.329723243850927,0.0,2020-04-08T07:40:28.412,2.409532345033278,0,0,0.0,,https://github.com/CSSEGISandData/COVID-19
,47,6,1.146341463414634,Bahrain,BH,2020-03-01,61,0,0,0.0,5.075192863280816,0.0,2020-04-08T07:40:29.173,2.762146834550343,0,0,0.0,,https://github.com/CSSEGISandData/COVID-19
,49,2,1.0425531914893618,Bahrain,BH,2020-03-02,62,0,0,0.0,16.6331252937714,0.0,2020-04-08T07:40:29.997,2.879684997722698,0,0,0.0,,https://github.com/CSSEGISandData/COVID-19
,49,0,1.0,Bahrain,BH,2020-03-03,63,0,0,0.0,,0.0,2020-04-08T07:40:30.769,2.879684997722698,0,0,0.0,,https://github.com/CSSEGISandData/COVID-19
,52,3,1.0612244897959184,Bahrain,BH,2020-03-04,64,0,0,0.0,11.664545310052299,0.0,2020-04-08T07:40:31.535,3.0559922424812305,0,0,0.0,,https://github.com/CSSEGISandData/COVID-19
,55,3,1.0576923076923077,Bahrain,BH,2020-03-05,65,0,0,0.0,12.357885035211845,0.0,2020-04-08T07:40:32.317,3.232299487239763,0,0,0.0,,https://github.com/CSSEGISandData/COVID-19
,60,5,1.0909090909090908,Bahrain,BH,2020-03-06,66,0,0,0.0,7.96616723629781,2.3507632634471007E-6,2020-04-08T07:40:33.181,3.5261448951706504,4,0,0.0,0.06666666666666667,https://github.com/CSSEGISandData/COVID-19
,85,25,1.4166666666666667,Bahrain,BH,2020-03-07,67,0,0,0.0,1.9900484026476473,2.3507632634471007E-6,2020-04-08T07:40:34.004,4.995371934825088,4,0,1.0,0.047058823529411764,https://github.com/CSSEGISandData/COVID-19
,85,0,1.0,Bahrain,BH,2020-03-08,68,0,0,0.0,,2.3507632634471007E-6,2020-04-08T07:40:35.056,4.995371934825088,4,0,1.0,0.047058823529411764,https://github.com/CSSEGISandData/COVID-19
,95,10,1.1176470588235294,Bahrain,BH,2020-03-09,69,0,0,0.0,6.231901304704061,8.227671422064852E-6,2020-04-08T07:40:35.854,5.583062750686864,14,10,3.5,0.14736842105263157,https://github.com/CSSEGISandData/COVID-19
,110,15,1.1578947368421053,Bahrain,BH,2020-03-10,70,0,0,0.0,4.728040616914374,1.2929197948959053E-5,2020-04-08T07:40:36.667,6.464598974479526,22,8,1.5714285714285714,0.2,https://github.com/CSSEGISandData/COVID-19
,195,85,1.7727272727272727,Bahrain,BH,2020-03-11,71,0,0,0.0,1.2106968452964941,2.056917855516213E-5,2020-04-08T07:40:37.487,11.459970909304614,35,13,1.5909090909090908,0.1794871794871795,https://github.com/CSSEGISandData/COVID-19
,195,0,1.0,Bahrain,BH,2020-03-12,72,0,0,0.0,,2.056917855516213E-5,2020-04-08T07:40:38.406,11.459970909304614,35,0,1.0,0.1794871794871795,https://github.com/CSSEGISandData/COVID-19
,189,-6,0.9692307692307692,Bahrain,BH,2020-03-13,73,0,0,0.0,-22.17890458960288,2.5858395897918105E-5,2020-04-08T07:40:39.228,11.10735641978755,44,9,1.2571428571428571,0.2328042328042328,https://github.com/CSSEGISandData/COVID-19
,210,21,1.1111111111111112,Bahrain,BH,2020-03-14,74,0,0,0.0,6.578813478960581,2.5858395897918105E-5,2020-04-08T07:40:40.047,12.341507133097277,44,0,1.0,0.20952380952380953,https://github.com/CSSEGISandData/COVID-19
,214,4,1.019047619047619,Bahrain,BH,2020-03-15,75,0,0,0.0,36.73571068975277,3.5261448951706506E-5,2020-04-08T07:40:40.843,12.576583459441988,60,16,1.3636363636363635,0.2803738317757009,https://github.com/CSSEGISandData/COVID-19
0.004672897196261682,214,0,1.0,Bahrain,BH,2020-03-16,76,1,0,0.0,,4.525219282135669E-5,2020-04-08T07:40:41.687,12.576583459441988,77,17,1.2833333333333334,0.3598130841121495,https://github.com/CSSEGISandData/COVID-19
0.0043859649122807015,228,14,1.0654205607476634,Bahrain,BH,2020-03-17,77,1,0,1.0,10.938163222791538,4.7602956084803784E-5,2020-04-08T07:40:42.235,13.399350601648472,81,4,1.051948051948052,0.35526315789473684,https://github.com/CSSEGISandData/COVID-19
0.00390625,256,28,1.1228070175438596,Bahrain,BH,2020-03-18,78,1,0,1.0,5.984082848201712,5.171679179583621E-5,2020-04-08T07:40:43.241,15.044884886061443,88,7,1.0864197530864197,0.34375,https://github.com/CSSEGISandData/COVID-19
0.0035971223021582736,278,22,1.0859375,Bahrain,BH,2020-03-19,79,1,0,1.0,8.407524643103045,5.876908158617751E-5,2020-04-08T07:40:44.043,16.337804680957348,100,12,1.1363636363636365,0.3597122302158273,https://github.com/CSSEGISandData/COVID-19
0.0035087719298245615,285,7,1.025179856115108,Bahrain,BH,2020-03-20,80,1,0,1.0,27.872982340041425,5.876908158617751E-5,2020-04-08T07:40:44.944,16.74918825206059,100,0,1.0,0.3508771929824561,https://github.com/CSSEGISandData/COVID-19
0.003278688524590164,305,20,1.0701754385964912,Bahrain,BH,2020-03-21,81,1,0,1.0,10.220003626782521,7.346135198272189E-5,2020-04-08T07:40:45.735,17.92456988378414,125,25,1.25,0.4098360655737705,https://github.com/CSSEGISandData/COVID-19
0.005988023952095809,334,29,1.0950819672131147,Bahrain,BH,2020-03-22,82,2,1,2.0,7.631324019595009,8.756593156340449E-5,2020-04-08T07:40:46.774,19.62887324978329,149,24,1.192,0.44610778443113774,https://github.com/CSSEGISandData/COVID-19
0.005305039787798408,377,43,1.1287425149700598,Bahrain,BH,2020-03-23,83,2,0,1.0,5.723560472747725,9.638129380133112E-5,2020-04-08T07:40:48.320,22.155943757988922,164,15,1.1006711409395973,0.4350132625994695,https://github.com/CSSEGISandData/COVID-19
0.007653061224489796,392,15,1.039787798408488,Bahrain,BH,2020-03-24,84,3,1,1.5,17.765419095317224,1.040212744075342E-4,2020-04-08T07:40:49.148,23.037479981781583,177,13,1.079268292682927,0.45153061224489793,https://github.com/CSSEGISandData/COVID-19
0.00954653937947494,419,27,1.0688775510204083,Bahrain,BH,2020-03-25,85,4,1,1.3333333333333333,10.406196560434497,1.040212744075342E-4,2020-04-08T07:40:50.646,24.624245184608377,177,0,1.0,0.4224343675417661,https://github.com/CSSEGISandData/COVID-19
0.008733624454148471,458,39,1.0930787589498807,Bahrain,BH,2020-03-26,86,4,0,1.0,7.788322467326095,1.1988892643580213E-4,2020-04-08T07:40:51.528,26.9162393664693,204,27,1.152542372881356,0.44541484716157204,https://github.com/CSSEGISandData/COVID-19
0.008583690987124463,466,8,1.017467248908297,Bahrain,BH,2020-03-27,87,4,0,1.0,40.02824944496032,1.3340581520062295E-4,2020-04-08T07:40:52.801,27.38639201915872,227,23,1.1127450980392157,0.4871244635193133,https://github.com/CSSEGISandData/COVID-19
0.008403361344537815,476,10,1.0214592274678111,Bahrain,BH,2020-03-28,88,4,0,1.0,32.64600579246272,1.5573806620337041E-4,2020-04-08T07:40:54.438,27.974082835020496,265,38,1.1674008810572687,0.5567226890756303,https://github.com/CSSEGISandData/COVID-19
0.008016032064128256,499,23,1.0483193277310925,Bahrain,BH,2020-03-29,89,4,0,1.0,14.688980945914583,1.5985190191440283E-4,2020-04-08T07:40:55.410,29.32577171150258,272,7,1.0264150943396226,0.5450901803607214,https://github.com/CSSEGISandData/COVID-19
0.007766990291262136,515,16,1.032064128256513,Bahrain,BH,2020-03-30,90,4,0,1.0,21.96227829067886,1.6396573762543525E-4,2020-04-08T07:40:57.096,30.266077016881418,279,7,1.025735294117647,0.541747572815534,https://github.com/CSSEGISandData/COVID-19
0.007054673721340388,567,52,1.1009708737864077,Bahrain,BH,2020-03-31,91,4,0,1.0,7.205841194118596,1.7336879067922367E-4,2020-04-08T07:40:58.549,33.32206925936265,295,16,1.0573476702508962,0.5202821869488536,https://github.com/CSSEGISandData/COVID-19
0.007029876977152899,569,2,1.0035273368606703,Bahrain,BH,2020-04-01,92,4,0,1.0,196.85359589059297,1.9805180494541821E-4,2020-04-08T07:41:00.052,33.439607422535005,337,42,1.1423728813559322,0.5922671353251318,https://github.com/CSSEGISandData/COVID-19
0.006220839813374806,643,74,1.1300527240773286,Bahrain,BH,2020-04-02,93,4,0,1.0,5.669252894111789,2.239102008433363E-4,2020-04-08T07:41:01.541,37.78851945991214,381,44,1.1305637982195846,0.5925349922239502,https://github.com/CSSEGISandData/COVID-19
0.005952380952380952,672,29,1.0451010886469674,Bahrain,BH,2020-04-03,94,4,0,1.0,15.712771677422104,2.244978916591981E-4,2020-04-08T07:41:02.925,39.49282282591129,382,1,1.0026246719160106,0.5684523809523809,https://github.com/CSSEGISandData/COVID-19
0.005813953488372093,688,16,1.0238095238095237,Bahrain,BH,2020-04-04,95,4,0,1.0,29.45739601151209,2.4859321510953085E-4,2020-04-08T07:41:03.847,40.433128131290125,423,41,1.1073298429319371,0.6148255813953488,https://github.com/CSSEGISandData/COVID-19
0.005714285714285714,700,12,1.0174418604651163,Bahrain,BH,2020-04-05,96,4,0,1.0,40.08601315132154,2.5329474163642506E-4,2020-04-08T07:41:04.867,41.13835711032426,431,8,1.0189125295508275,0.6157142857142858,https://github.com/CSSEGISandData/COVID-19
0.005291005291005291,756,56,1.08,Bahrain,BH,2020-04-06,97,4,0,1.0,9.006468342000588,2.69162393664693E-4,2020-04-08T07:41:05.696,44.4294256791502,458,27,1.062645011600928,0.6058201058201058,https://github.com/CSSEGISandData/COVID-19
