caseFatalityRisk,confirmed,confirmedDelta,confirmedGrowthRate,country,countryCode,dateId,dayId,deceased,deceasedDelta,deceasedGrowthRate,doublingTime,immunizationRate,importDate,incidencePer100k,infectious,infectiousDelta,infectiousGrowthRate,recovered,recoveredDelta,recoveredGrowthRate,recoveryRate,source,tested,testedDelta,testedPer1k
0.0,0,0,0.0,Cambodia,KH,2020-01-22,22,0,0,0.0,0.0,0.0,2020-04-10T18:19:43.351,0.0,0,0,0.0,0,0,0.0,0.0,https://github.com/CSSEGISandData/COVID-19,0,0,0.0
0.0,0,0,0.0,Cambodia,KH,2020-01-23,23,0,0,0.0,0.0,0.0,2020-04-10T18:19:44.042,0.0,0,0,0.0,0,0,0.0,0.0,https://github.com/CSSEGISandData/COVID-19,0,0,0.0
0.0,0,0,0.0,Cambodia,KH,2020-01-24,24,0,0,0.0,0.0,0.0,2020-04-10T18:19:44.819,0.0,0,0,0.0,0,0,0.0,0.0,https://github.com/CSSEGISandData/COVID-19,0,0,0.0
0.0,0,0,0.0,Cambodia,KH,2020-01-25,25,0,0,0.0,0.0,0.0,2020-04-10T18:19:45.369,0.0,0,0,0.0,0,0,0.0,0.0,https://github.com/CSSEGISandData/COVID-19,0,0,0.0
0.0,0,0,0.0,Cambodia,KH,2020-01-26,26,0,0,0.0,0.0,0.0,2020-04-10T18:19:46.407,0.0,0,0,0.0,0,0,0.0,0.0,https://github.com/CSSEGISandData/COVID-19,0,0,0.0
0.0,1,0,0.0,Cambodia,KH,2020-01-27,27,0,0,0.0,0.0,0.0,2020-04-10T18:19:47.314,0.005981231493695931,1,0,0.0,0,0,0.0,0.0,https://github.com/CSSEGISandData/COVID-19,0,0,0.0
0.0,1,0,1.0,Cambodia,KH,2020-01-28,28,0,0,0.0,0.0,0.0,2020-04-10T18:19:47.901,0.005981231493695931,1,0,1.0,0,0,0.0,0.0,https://github.com/CSSEGISandData/COVID-19,0,0,0.0
0.0,1,0,1.0,Cambodia,KH,2020-01-29,29,0,0,0.0,0.0,0.0,2020-04-10T18:19:48.482,0.005981231493695931,1,0,1.0,0,0,0.0,0.0,https://github.com/CSSEGISandData/COVID-19,0,0,0.0
0.0,1,0,1.0,Cambodia,KH,2020-01-30,30,0,0,0.0,0.0,0.0,2020-04-10T18:19:49.375,0.005981231493695931,1,0,1.0,0,0,0.0,0.0,https://github.com/CSSEGISandData/COVID-19,0,0,0.0
0.0,1,0,1.0,Cambodia,KH,2020-01-31,31,0,0,0.0,0.0,0.0,2020-04-10T18:19:49.938,0.005981231493695931,1,0,1.0,0,0,0.0,0.0,https://github.com/CSSEGISandData/COVID-19,0,0,0.0
0.0,1,0,1.0,Cambodia,KH,2020-02-01,32,0,0,0.0,0.0,0.0,2020-04-10T18:19:50.502,0.005981231493695931,1,0,1.0,0,0,0.0,0.0,https://github.com/CSSEGISandData/COVID-19,0,0,0.0
0.0,1,0,1.0,Cambodia,KH,2020-02-02,33,0,0,0.0,0.0,0.0,2020-04-10T18:19:51.050,0.005981231493695931,1,0,1.0,0,0,0.0,0.0,https://github.com/CSSEGISandData/COVID-19,0,0,0.0
0.0,1,0,1.0,Cambodia,KH,2020-02-03,34,0,0,0.0,0.0,0.0,2020-04-10T18:19:52.037,0.005981231493695931,1,0,1.0,0,0,0.0,0.0,https://github.com/CSSEGISandData/COVID-19,0,0,0.0
0.0,1,0,1.0,Cambodia,KH,2020-02-04,35,0,0,0.0,0.0,0.0,2020-04-10T18:19:52.960,0.005981231493695931,1,0,1.0,0,0,0.0,0.0,https://github.com/CSSEGISandData/COVID-19,0,0,0.0
0.0,1,0,1.0,Cambodia,KH,2020-02-05,36,0,0,0.0,0.0,0.0,2020-04-10T18:19:53.742,0.005981231493695931,1,0,1.0,0,0,0.0,0.0,https://github.com/CSSEGISandData/COVID-19,0,0,0.0
0.0,1,0,1.0,Cambodia,KH,2020-02-06,37,0,0,0.0,0.0,0.0,2020-04-10T18:19:54.403,0.005981231493695931,1,0,1.0,0,0,0.0,0.0,https://github.com/CSSEGISandData/COVID-19,0,0,0.0
0.0,1,0,1.0,Cambodia,KH,2020-02-07,38,0,0,0.0,0.0,0.0,2020-04-10T18:19:54.947,0.005981231493695931,1,0,1.0,0,0,0.0,0.0,https://github.com/CSSEGISandData/COVID-19,0,0,0.0
0.0,1,0,1.0,Cambodia,KH,2020-02-08,39,0,0,0.0,0.0,0.0,2020-04-10T18:19:55.491,0.005981231493695931,1,0,1.0,0,0,0.0,0.0,https://github.com/CSSEGISandData/COVID-19,0,0,0.0
0.0,1,0,1.0,Cambodia,KH,2020-02-09,40,0,0,0.0,0.0,0.0,2020-04-10T18:19:56.064,0.005981231493695931,1,0,1.0,0,0,0.0,0.0,https://github.com/CSSEGISandData/COVID-19,0,0,0.0
0.0,1,0,1.0,Cambodia,KH,2020-02-10,41,0,0,0.0,0.0,0.0,2020-04-10T18:19:56.631,0.005981231493695931,1,0,1.0,0,0,0.0,0.0,https://github.com/CSSEGISandData/COVID-19,0,0,0.0
0.0,1,0,1.0,Cambodia,KH,2020-02-11,42,0,0,0.0,0.0,0.0,2020-04-10T18:19:57.180,0.005981231493695931,1,0,1.0,0,0,0.0,0.0,https://github.com/CSSEGISandData/COVID-19,0,0,0.0
0.0,1,0,1.0,Cambodia,KH,2020-02-12,43,0,0,0.0,0.0,5.981231493695932E-8,2020-04-10T18:19:57.978,0.005981231493695931,1,0,1.0,1,0,0.0,1.0,https://github.com/CSSEGISandData/COVID-19,0,0,0.0
0.0,1,0,1.0,Cambodia,KH,2020-02-13,44,0,0,0.0,0.0,5.981231493695932E-8,2020-04-10T18:19:58.542,0.005981231493695931,1,0,1.0,1,0,1.0,1.0,https://github.com/CSSEGISandData/COVID-19,0,0,0.0
0.0,1,0,1.0,Cambodia,KH,2020-02-14,45,0,0,0.0,0.0,5.981231493695932E-8,2020-04-10T18:19:59.135,0.005981231493695931,1,0,1.0,1,0,1.0,1.0,https://github.com/CSSEGISandData/COVID-19,0,0,0.0
0.0,1,0,1.0,Cambodia,KH,2020-02-15,46,0,0,0.0,0.0,5.981231493695932E-8,2020-04-10T18:19:59.698,0.005981231493695931,1,0,1.0,1,0,1.0,1.0,https://github.com/CSSEGISandData/COVID-19,0,0,0.0
0.0,1,0,1.0,Cambodia,KH,2020-02-16,47,0,0,0.0,0.0,5.981231493695932E-8,2020-04-10T18:20:00.276,0.005981231493695931,1,0,1.0,1,0,1.0,1.0,https://github.com/CSSEGISandData/COVID-19,0,0,0.0
0.0,1,0,1.0,Cambodia,KH,2020-02-17,48,0,0,0.0,0.0,5.981231493695932E-8,2020-04-10T18:20:01.153,0.005981231493695931,1,0,1.0,1,0,1.0,1.0,https://github.com/CSSEGISandData/COVID-19,0,0,0.0
0.0,1,0,1.0,Cambodia,KH,2020-02-18,49,0,0,0.0,0.0,5.981231493695932E-8,2020-04-10T18:20:01.716,0.005981231493695931,1,0,1.0,1,0,1.0,1.0,https://github.com/CSSEGISandData/COVID-19,0,0,0.0
0.0,1,0,1.0,Cambodia,KH,2020-02-19,50,0,0,0.0,0.0,5.981231493695932E-8,2020-04-10T18:20:02.512,0.005981231493695931,1,0,1.0,1,0,1.0,1.0,https://github.com/CSSEGISandData/COVID-19,0,0,0.0
0.0,1,0,1.0,Cambodia,KH,2020-02-20,51,0,0,0.0,0.0,5.981231493695932E-8,2020-04-10T18:20:03.082,0.005981231493695931,1,0,1.0,1,0,1.0,1.0,https://github.com/CSSEGISandData/COVID-19,0,0,0.0
0.0,1,0,1.0,Cambodia,KH,2020-02-21,52,0,0,0.0,0.0,5.981231493695932E-8,2020-04-10T18:20:03.898,0.005981231493695931,1,0,1.0,1,0,1.0,1.0,https://github.com/CSSEGISandData/COVID-19,0,0,0.0
0.0,1,0,1.0,Cambodia,KH,2020-02-22,53,0,0,0.0,0.0,5.981231493695932E-8,2020-04-10T18:20:04.690,0.005981231493695931,1,0,1.0,1,0,1.0,1.0,https://github.com/CSSEGISandData/COVID-19,0,0,0.0
0.0,1,0,1.0,Cambodia,KH,2020-02-23,54,0,0,0.0,0.0,5.981231493695932E-8,2020-04-10T18:20:05.298,0.005981231493695931,1,0,1.0,1,0,1.0,1.0,https://github.com/CSSEGISandData/COVID-19,0,0,0.0
0.0,1,0,1.0,Cambodia,KH,2020-02-24,55,0,0,0.0,0.0,5.981231493695932E-8,2020-04-10T18:20:05.884,0.005981231493695931,1,0,1.0,1,0,1.0,1.0,https://github.com/CSSEGISandData/COVID-19,0,0,0.0
0.0,1,0,1.0,Cambodia,KH,2020-02-25,56,0,0,0.0,0.0,5.981231493695932E-8,2020-04-10T18:20:06.477,0.005981231493695931,1,0,1.0,1,0,1.0,1.0,https://github.com/CSSEGISandData/COVID-19,0,0,0.0
0.0,1,0,1.0,Cambodia,KH,2020-02-26,57,0,0,0.0,0.0,5.981231493695932E-8,2020-04-10T18:20:07.046,0.005981231493695931,1,0,1.0,1,0,1.0,1.0,https://github.com/CSSEGISandData/COVID-19,0,0,0.0
0.0,1,0,1.0,Cambodia,KH,2020-02-27,58,0,0,0.0,0.0,5.981231493695932E-8,2020-04-10T18:20:07.605,0.005981231493695931,1,0,1.0,1,0,1.0,1.0,https://github.com/CSSEGISandData/COVID-19,0,0,0.0
0.0,1,0,1.0,Cambodia,KH,2020-02-28,59,0,0,0.0,0.0,5.981231493695932E-8,2020-04-10T18:20:08.151,0.005981231493695931,1,0,1.0,1,0,1.0,1.0,https://github.com/CSSEGISandData/COVID-19,0,0,0.0
0.0,1,0,1.0,Cambodia,KH,2020-02-29,60,0,0,0.0,0.0,5.981231493695932E-8,2020-04-10T18:20:08.726,0.005981231493695931,1,0,1.0,1,0,1.0,1.0,https://github.com/CSSEGISandData/COVID-19,0,0,0.0
0.0,1,0,1.0,Cambodia,KH,2020-03-01,61,0,0,0.0,0.0,5.981231493695932E-8,2020-04-10T18:20:09.647,0.005981231493695931,1,0,1.0,1,0,1.0,1.0,https://github.com/CSSEGISandData/COVID-19,0,0,0.0
0.0,1,0,1.0,Cambodia,KH,2020-03-02,62,0,0,0.0,0.0,5.981231493695932E-8,2020-04-10T18:20:10.275,0.005981231493695931,1,0,1.0,1,0,1.0,1.0,https://github.com/CSSEGISandData/COVID-19,0,0,0.0
0.0,1,0,1.0,Cambodia,KH,2020-03-03,63,0,0,0.0,0.0,5.981231493695932E-8,2020-04-10T18:20:10.861,0.005981231493695931,1,0,1.0,1,0,1.0,1.0,https://github.com/CSSEGISandData/COVID-19,0,0,0.0
0.0,1,0,1.0,Cambodia,KH,2020-03-04,64,0,0,0.0,0.0,5.981231493695932E-8,2020-04-10T18:20:11.405,0.005981231493695931,1,0,1.0,1,0,1.0,1.0,https://github.com/CSSEGISandData/COVID-19,0,0,0.0
0.0,1,0,1.0,Cambodia,KH,2020-03-05,65,0,0,0.0,0.0,5.981231493695932E-8,2020-04-10T18:20:12.002,0.005981231493695931,1,0,1.0,1,0,1.0,1.0,https://github.com/CSSEGISandData/COVID-19,0,0,0.0
0.0,1,0,1.0,Cambodia,KH,2020-03-06,66,0,0,0.0,0.0,5.981231493695932E-8,2020-04-10T18:20:12.583,0.005981231493695931,1,0,1.0,1,0,1.0,1.0,https://github.com/CSSEGISandData/COVID-19,0,0,0.0
0.0,1,0,1.0,Cambodia,KH,2020-03-07,67,0,0,0.0,0.0,5.981231493695932E-8,2020-04-10T18:20:13.164,0.005981231493695931,1,0,1.0,1,0,1.0,1.0,https://github.com/CSSEGISandData/COVID-19,0,0,0.0
0.0,2,1,2.0,Cambodia,KH,2020-03-08,68,0,0,0.0,1.0,5.981231493695932E-8,2020-04-10T18:20:14.083,0.011962462987391863,1,0,1.0,1,0,1.0,0.5,https://github.com/CSSEGISandData/COVID-19,0,0,0.0
0.0,2,0,1.0,Cambodia,KH,2020-03-09,69,0,0,0.0,0.0,5.981231493695932E-8,2020-04-10T18:20:14.634,0.011962462987391863,1,0,1.0,1,0,1.0,0.5,https://github.com/CSSEGISandData/COVID-19,0,0,0.0
0.0,2,0,1.0,Cambodia,KH,2020-03-10,70,0,0,0.0,0.0,5.981231493695932E-8,2020-04-10T18:20:15.233,0.011962462987391863,1,0,1.0,1,0,1.0,0.5,https://github.com/CSSEGISandData/COVID-19,0,0,0.0
0.0,3,1,1.5,Cambodia,KH,2020-03-11,71,0,0,0.0,1.7095112913514547,5.981231493695932E-8,2020-04-10T18:20:15.750,0.017943694481087794,2,1,2.0,1,0,1.0,0.3333333333333333,https://github.com/CSSEGISandData/COVID-19,0,0,0.0
0.0,3,0,1.0,Cambodia,KH,2020-03-12,72,0,0,0.0,0.0,5.981231493695932E-8,2020-04-10T18:20:16.529,0.017943694481087794,2,0,1.0,1,0,1.0,0.3333333333333333,https://github.com/CSSEGISandData/COVID-19,0,0,0.0
0.0,5,2,1.6666666666666667,Cambodia,KH,2020-03-13,73,0,0,0.0,1.3569154488567239,5.981231493695932E-8,2020-04-10T18:20:17.076,0.029906157468479657,4,2,2.0,1,0,1.0,0.2,https://github.com/CSSEGISandData/COVID-19,0,0,0.0
0.0,7,2,1.4,Cambodia,KH,2020-03-14,74,0,0,0.0,2.0600427171061453,5.981231493695932E-8,2020-04-10T18:20:17.661,0.04186862045587152,6,2,1.5,1,0,1.0,0.14285714285714285,https://github.com/CSSEGISandData/COVID-19,0,0,0.0
0.0,7,0,1.0,Cambodia,KH,2020-03-15,75,0,0,0.0,0.0,5.981231493695932E-8,2020-04-10T18:20:18.560,0.04186862045587152,6,0,1.0,1,0,1.0,0.14285714285714285,https://github.com/CSSEGISandData/COVID-19,0,0,0.0
0.0,7,0,1.0,Cambodia,KH,2020-03-16,76,0,0,0.0,0.0,5.981231493695932E-8,2020-04-10T18:20:19.153,0.04186862045587152,6,0,1.0,1,0,1.0,0.14285714285714285,https://github.com/CSSEGISandData/COVID-19,0,0,0.0
0.0,33,26,4.714285714285714,Cambodia,KH,2020-03-17,77,0,0,0.0,0.44701943587156306,5.981231493695932E-8,2020-04-10T18:20:20.099,0.19738063929196575,32,26,5.333333333333333,1,0,1.0,0.030303030303030304,https://github.com/CSSEGISandData/COVID-19,0,0,0.0
0.0,35,2,1.0606060606060606,Cambodia,KH,2020-03-18,78,0,0,0.0,11.780103505065176,5.981231493695932E-8,2020-04-10T18:20:21.333,0.2093431022793576,34,2,1.0625,1,0,1.0,0.02857142857142857,https://github.com/CSSEGISandData/COVID-19,0,0,0.0
0.0,37,2,1.0571428571428572,Cambodia,KH,2020-03-19,79,0,0,0.0,12.473439574796094,5.981231493695932E-8,2020-04-10T18:20:21.900,0.22130556526674947,36,2,1.0588235294117647,1,0,1.0,0.02702702702702703,https://github.com/CSSEGISandData/COVID-19,0,0,0.0
0.0,51,14,1.3783783783783783,Cambodia,KH,2020-03-20,80,0,0,0.0,2.1599579479949247,5.981231493695932E-8,2020-04-10T18:20:22.472,0.3050428061784925,50,14,1.3888888888888888,1,0,1.0,0.0196078431372549,https://github.com/CSSEGISandData/COVID-19,0,0,0.0
0.0,53,2,1.0392156862745099,Cambodia,KH,2020-03-21,81,0,0,0.0,18.019604849842146,5.981231493695932E-8,2020-04-10T18:20:23.271,0.3170052691658844,52,2,1.04,1,0,1.0,0.018867924528301886,https://github.com/CSSEGISandData/COVID-19,0,0,0.0
0.0,84,31,1.5849056603773586,Cambodia,KH,2020-03-22,82,0,0,0.0,1.5051242673274114,1.1962462987391864E-7,2020-04-10T18:20:23.898,0.5024234454704583,82,30,1.5769230769230769,2,1,2.0,0.023809523809523808,https://github.com/CSSEGISandData/COVID-19,0,0,0.0
0.0,87,3,1.0357142857142858,Cambodia,KH,2020-03-23,83,0,0,0.0,19.752667733441275,1.1962462987391864E-7,2020-04-10T18:20:24.536,0.520367139951546,85,3,1.0365853658536586,2,0,1.0,0.022988505747126436,https://github.com/CSSEGISandData/COVID-19,0,0,0.0
0.0,91,4,1.0459770114942528,Cambodia,KH,2020-03-24,84,0,0,0.0,15.419928360917122,2.392492597478373E-7,2020-04-10T18:20:25.182,0.5442920659263297,87,2,1.0235294117647058,4,2,2.0,0.04395604395604396,https://github.com/CSSEGISandData/COVID-19,0,0,0.0
0.0,96,5,1.054945054945055,Cambodia,KH,2020-03-25,85,0,0,0.0,12.958762796189571,5.981231493695931E-7,2020-04-10T18:20:25.785,0.5741982233948094,86,-1,0.9885057471264368,10,6,2.5,0.10416666666666667,https://github.com/CSSEGISandData/COVID-19,0,0,0.0
0.0,96,0,1.0,Cambodia,KH,2020-03-26,86,0,0,0.0,0.0,5.981231493695931E-7,2020-04-10T18:20:26.390,0.5741982233948094,86,0,1.0,10,0,1.0,0.10416666666666667,https://github.com/CSSEGISandData/COVID-19,0,0,0.0
0.0,99,3,1.03125,Cambodia,KH,2020-03-27,87,0,0,0.0,22.525505955544585,6.579354643065524E-7,2020-04-10T18:20:27.219,0.5921419178758972,88,2,1.0232558139534884,11,1,1.1,0.1111111111111111,https://github.com/CSSEGISandData/COVID-19,0,0,0.0
0.0,99,0,1.0,Cambodia,KH,2020-03-28,88,0,0,0.0,0.0,7.775600941804711E-7,2020-04-10T18:20:28.134,0.5921419178758972,86,-2,0.9772727272727273,13,2,1.1818181818181819,0.13131313131313133,https://github.com/CSSEGISandData/COVID-19,0,0,0.0
0.0,103,4,1.0404040404040404,Cambodia,KH,2020-03-29,89,0,0,0.0,17.499678455427958,1.2560586136761456E-6,2020-04-10T18:20:29.060,0.616066843850681,82,-4,0.9534883720930233,21,8,1.6153846153846154,0.20388349514563106,https://github.com/CSSEGISandData/COVID-19,0,0,0.0
0.0,107,4,1.0388349514563107,Cambodia,KH,2020-03-30,90,0,0,0.0,18.192912809523442,1.2560586136761456E-6,2020-04-10T18:20:29.977,0.6399917698254647,86,4,1.048780487804878,21,0,1.0,0.19626168224299065,https://github.com/CSSEGISandData/COVID-19,0,0,0.0
0.0,109,2,1.0186915887850467,Cambodia,KH,2020-03-31,91,0,0,0.0,37.428878054205775,1.3756832435500642E-6,2020-04-10T18:20:30.886,0.6519542328128566,86,0,1.0,23,2,1.0952380952380953,0.21100917431192662,https://github.com/CSSEGISandData/COVID-19,0,0,0.0
0.0,109,0,1.0,Cambodia,KH,2020-04-01,92,0,0,0.0,0.0,1.495307873423983E-6,2020-04-10T18:20:31.901,0.6519542328128566,84,-2,0.9767441860465116,25,2,1.0869565217391304,0.22935779816513763,https://github.com/CSSEGISandData/COVID-19,0,0,0.0
0.0,110,1,1.0091743119266054,Cambodia,KH,2020-04-02,93,0,0,0.0,75.89908875911162,2.033618707856617E-6,2020-04-10T18:20:32.751,0.6579354643065525,76,-8,0.9047619047619048,34,9,1.36,0.3090909090909091,https://github.com/CSSEGISandData/COVID-19,0,0,0.0
0.0,114,4,1.0363636363636364,Cambodia,KH,2020-04-03,94,0,0,0.0,19.40605794219187,2.093431022793576E-6,2020-04-10T18:20:33.748,0.6818603902813362,79,3,1.0394736842105263,35,1,1.0294117647058822,0.30701754385964913,https://github.com/CSSEGISandData/COVID-19,0,0,0.0
0.0,114,0,1.0,Cambodia,KH,2020-04-04,95,0,0,0.0,0.0,2.990615746847966E-6,2020-04-10T18:20:34.759,0.6818603902813362,64,-15,0.810126582278481,50,15,1.4285714285714286,0.43859649122807015,https://github.com/CSSEGISandData/COVID-19,0,0,0.0
0.0,114,0,1.0,Cambodia,KH,2020-04-05,96,0,0,0.0,0.0,2.990615746847966E-6,2020-04-10T18:20:35.389,0.6818603902813362,64,0,1.0,50,0,1.0,0.43859649122807015,https://github.com/CSSEGISandData/COVID-19,0,0,0.0
0.0,114,0,1.0,Cambodia,KH,2020-04-06,97,0,0,0.0,0.0,3.1700526916588438E-6,2020-04-11T12:17:16.986,0.6818603902813362,61,-3,0.953125,53,3,1.06,0.4649122807017544,https://github.com/CSSEGISandData/COVID-19,0,0,0.0
0.0,115,1,1.0087719298245614,Cambodia,KH,2020-04-07,98,0,0,0.0,79.36484769761763,3.4691142663436402E-6,2020-04-11T12:17:19.459,0.6878416217750322,57,-4,0.9344262295081968,58,5,1.0943396226415094,0.5043478260869565,https://github.com/CSSEGISandData/COVID-19,0,0,0.0
0.0,117,2,1.017391304347826,Cambodia,KH,2020-04-08,99,0,0,0.0,40.20154055161835,3.7681758410284367E-6,2020-04-11T12:17:20.793,0.699804084762424,54,-3,0.9473684210526315,63,5,1.0862068965517242,0.5384615384615384,https://github.com/CSSEGISandData/COVID-19,0,0,0.0
0.0,119,2,1.017094017094017,Cambodia,KH,2020-04-09,100,0,0,0.0,40.89470461284493,3.7083635260914774E-6,2020-04-11T12:17:21.820,0.7117665477498158,57,3,1.0555555555555556,62,-1,0.9841269841269841,0.5210084033613446,https://github.com/CSSEGISandData/COVID-19,0,0,0.0
0.0,119,0,1.0,Cambodia,KH,2020-04-10,101,0,0,0.0,0.0,4.306486675461071E-6,2020-04-11T12:17:22.498,0.7117665477498158,47,-10,0.8245614035087719,72,10,1.1612903225806452,0.6050420168067226,https://github.com/CSSEGISandData/COVID-19,0,0,0.0
