caseFatalityRisk,confirmed,confirmedDelta,confirmedGrowthRate,country,countryCode,dateId,dayId,deceased,deceasedDelta,deceasedGrowthRate,doublingTime,immunizationRate,importDate,incidencePer100k,recovered,recoveredDelta,recoveredGrowthRate,recoveryRate,source
,0,,,Canada,CA,2020-01-22,22,0,,,,0.0,2020-04-08T07:39:55.346,0.0,0,,,,https://github.com/CSSEGISandData/COVID-19
,0,,,Canada,CA,2020-01-23,23,0,,,,0.0,2020-04-08T07:39:57.120,0.0,0,,,,https://github.com/CSSEGISandData/COVID-19
,0,,,Canada,CA,2020-01-24,24,0,,,,0.0,2020-04-08T07:39:58.149,0.0,0,,,,https://github.com/CSSEGISandData/COVID-19
,0,,,Canada,CA,2020-01-25,25,0,,,,0.0,2020-04-08T07:39:59.170,0.0,0,,,,https://github.com/CSSEGISandData/COVID-19
,1,0,0.0,Canada,CA,2020-01-26,26,0,0,0.0,-0.0,0.0,2020-04-08T07:40:00.090,0.0026495573093152022,0,0,0.0,,https://github.com/CSSEGISandData/COVID-19
,1,0,1.0,Canada,CA,2020-01-27,27,0,0,0.0,,0.0,2020-04-08T07:40:01.015,0.0026495573093152022,0,0,0.0,,https://github.com/CSSEGISandData/COVID-19
,2,1,2.0,Canada,CA,2020-01-28,28,0,0,0.0,1.0,0.0,2020-04-08T07:40:01.832,0.0052991146186304044,0,0,0.0,,https://github.com/CSSEGISandData/COVID-19
,2,0,1.0,Canada,CA,2020-01-29,29,0,0,0.0,,0.0,2020-04-08T07:40:02.754,0.0052991146186304044,0,0,0.0,,https://github.com/CSSEGISandData/COVID-19
,3,1,1.5,Canada,CA,2020-01-30,30,0,0,0.0,1.7095112913514547,0.0,2020-04-08T07:40:03.536,0.007948671927945607,0,0,0.0,,https://github.com/CSSEGISandData/COVID-19
,3,0,1.0,Canada,CA,2020-01-31,31,0,0,0.0,,0.0,2020-04-08T07:40:04.394,0.007948671927945607,0,0,0.0,,https://github.com/CSSEGISandData/COVID-19
,4,1,1.3333333333333333,Canada,CA,2020-02-01,32,0,0,0.0,2.4094208396532095,0.0,2020-04-08T07:40:05.265,0.010598229237260809,0,0,0.0,,https://github.com/CSSEGISandData/COVID-19
,4,0,1.0,Canada,CA,2020-02-02,33,0,0,0.0,,0.0,2020-04-08T07:40:06.132,0.010598229237260809,0,0,0.0,,https://github.com/CSSEGISandData/COVID-19
,4,0,1.0,Canada,CA,2020-02-03,34,0,0,0.0,,0.0,2020-04-08T07:40:06.906,0.010598229237260809,0,0,0.0,,https://github.com/CSSEGISandData/COVID-19
,4,0,1.0,Canada,CA,2020-02-04,35,0,0,0.0,,0.0,2020-04-08T07:40:07.635,0.010598229237260809,0,0,0.0,,https://github.com/CSSEGISandData/COVID-19
,5,1,1.25,Canada,CA,2020-02-05,36,0,0,0.0,3.10628371950539,0.0,2020-04-08T07:40:08.446,0.013247786546576011,0,0,0.0,,https://github.com/CSSEGISandData/COVID-19
,5,0,1.0,Canada,CA,2020-02-06,37,0,0,0.0,,0.0,2020-04-08T07:40:09.252,0.013247786546576011,0,0,0.0,,https://github.com/CSSEGISandData/COVID-19
,7,2,1.4,Canada,CA,2020-02-07,38,0,0,0.0,2.0600427171061453,0.0,2020-04-08T07:40:10.023,0.018546901165206416,0,0,0.0,,https://github.com/CSSEGISandData/COVID-19
,7,0,1.0,Canada,CA,2020-02-08,39,0,0,0.0,,0.0,2020-04-08T07:40:10.841,0.018546901165206416,0,0,0.0,,https://github.com/CSSEGISandData/COVID-19
,7,0,1.0,Canada,CA,2020-02-09,40,0,0,0.0,,0.0,2020-04-08T07:40:11.870,0.018546901165206416,0,0,0.0,,https://github.com/CSSEGISandData/COVID-19
,7,0,1.0,Canada,CA,2020-02-10,41,0,0,0.0,,0.0,2020-04-08T07:40:12.688,0.018546901165206416,0,0,0.0,,https://github.com/CSSEGISandData/COVID-19
,7,0,1.0,Canada,CA,2020-02-11,42,0,0,0.0,,0.0,2020-04-08T07:40:13.455,0.018546901165206416,0,0,0.0,,https://github.com/CSSEGISandData/COVID-19
,7,0,1.0,Canada,CA,2020-02-12,43,0,0,0.0,,2.6495573093152022E-8,2020-04-08T07:40:14.289,0.018546901165206416,1,0,0.0,0.14285714285714285,https://github.com/CSSEGISandData/COVID-19
,7,0,1.0,Canada,CA,2020-02-13,44,0,0,0.0,,2.6495573093152022E-8,2020-04-08T07:40:15.250,0.018546901165206416,1,0,1.0,0.14285714285714285,https://github.com/CSSEGISandData/COVID-19
,7,0,1.0,Canada,CA,2020-02-14,45,0,0,0.0,,2.6495573093152022E-8,2020-04-08T07:40:16.072,0.018546901165206416,1,0,1.0,0.14285714285714285,https://github.com/CSSEGISandData/COVID-19
,7,0,1.0,Canada,CA,2020-02-15,46,0,0,0.0,,2.6495573093152022E-8,2020-04-08T07:40:16.927,0.018546901165206416,1,0,1.0,0.14285714285714285,https://github.com/CSSEGISandData/COVID-19
,7,0,1.0,Canada,CA,2020-02-16,47,0,0,0.0,,2.6495573093152022E-8,2020-04-08T07:40:17.707,0.018546901165206416,1,0,1.0,0.14285714285714285,https://github.com/CSSEGISandData/COVID-19
,8,1,1.1428571428571428,Canada,CA,2020-02-17,48,0,0,0.0,5.190893069684433,2.6495573093152022E-8,2020-04-08T07:40:18.489,0.021196458474521618,1,0,1.0,0.125,https://github.com/CSSEGISandData/COVID-19
,8,0,1.0,Canada,CA,2020-02-18,49,0,0,0.0,,2.6495573093152022E-8,2020-04-08T07:40:19.352,0.021196458474521618,1,0,1.0,0.125,https://github.com/CSSEGISandData/COVID-19
,8,0,1.0,Canada,CA,2020-02-19,50,0,0,0.0,,2.6495573093152022E-8,2020-04-08T07:40:20.126,0.021196458474521618,1,0,1.0,0.125,https://github.com/CSSEGISandData/COVID-19
,8,0,1.0,Canada,CA,2020-02-20,51,0,0,0.0,,2.6495573093152022E-8,2020-04-08T07:40:20.880,0.021196458474521618,1,0,1.0,0.125,https://github.com/CSSEGISandData/COVID-19
,9,1,1.125,Canada,CA,2020-02-21,52,0,0,0.0,5.884949192361718,7.948671927945606E-8,2020-04-08T07:40:21.727,0.02384601578383682,3,2,3.0,0.3333333333333333,https://github.com/CSSEGISandData/COVID-19
,9,0,1.0,Canada,CA,2020-02-22,53,0,0,0.0,,7.948671927945606E-8,2020-04-08T07:40:22.498,0.02384601578383682,3,0,1.0,0.3333333333333333,https://github.com/CSSEGISandData/COVID-19
,9,0,1.0,Canada,CA,2020-02-23,54,0,0,0.0,,7.948671927945606E-8,2020-04-08T07:40:23.350,0.02384601578383682,3,0,1.0,0.3333333333333333,https://github.com/CSSEGISandData/COVID-19
,10,1,1.1111111111111112,Canada,CA,2020-02-24,55,0,0,0.0,6.578813478960581,7.948671927945606E-8,2020-04-08T07:40:24.128,0.026495573093152022,3,0,1.0,0.3,https://github.com/CSSEGISandData/COVID-19
,11,1,1.1,Canada,CA,2020-02-25,56,0,0,0.0,7.272540897341713,7.948671927945606E-8,2020-04-08T07:40:25.196,0.029145130402467224,3,0,1.0,0.2727272727272727,https://github.com/CSSEGISandData/COVID-19
,11,0,1.0,Canada,CA,2020-02-26,57,0,0,0.0,,7.948671927945606E-8,2020-04-08T07:40:26.014,0.029145130402467224,3,0,1.0,0.2727272727272727,https://github.com/CSSEGISandData/COVID-19
,13,2,1.1818181818181819,Canada,CA,2020-02-27,58,0,0,0.0,4.149238146182111,1.5897343855891213E-7,2020-04-08T07:40:26.811,0.03444424502109763,6,3,2.0,0.46153846153846156,https://github.com/CSSEGISandData/COVID-19
,14,1,1.0769230769230769,Canada,CA,2020-02-28,59,0,0,0.0,9.353206684999465,1.5897343855891213E-7,2020-04-08T07:40:27.652,0.03709380233041283,6,0,1.0,0.42857142857142855,https://github.com/CSSEGISandData/COVID-19
,20,6,1.4285714285714286,Canada,CA,2020-02-29,60,0,0,0.0,1.9433582098747317,1.5897343855891213E-7,2020-04-08T07:40:28.413,0.052991146186304044,6,0,1.0,0.3,https://github.com/CSSEGISandData/COVID-19
,24,4,1.2,Canada,CA,2020-03-01,61,0,0,0.0,3.8017840169239308,1.5897343855891213E-7,2020-04-08T07:40:29.174,0.06358937542356485,6,0,1.0,0.25,https://github.com/CSSEGISandData/COVID-19
,27,3,1.125,Canada,CA,2020-03-02,62,0,0,0.0,5.884949192361718,1.5897343855891213E-7,2020-04-08T07:40:29.998,0.07153804735151047,6,0,1.0,0.2222222222222222,https://github.com/CSSEGISandData/COVID-19
,30,3,1.1111111111111112,Canada,CA,2020-03-03,63,0,0,0.0,6.578813478960581,1.5897343855891213E-7,2020-04-08T07:40:30.770,0.07948671927945607,6,0,1.0,0.2,https://github.com/CSSEGISandData/COVID-19
,33,3,1.1,Canada,CA,2020-03-04,64,0,0,0.0,7.272540897341713,1.5897343855891213E-7,2020-04-08T07:40:31.536,0.08743539120740168,6,0,1.0,0.18181818181818182,https://github.com/CSSEGISandData/COVID-19
,37,4,1.121212121212121,Canada,CA,2020-03-05,65,0,0,0.0,6.058430670168076,1.5897343855891213E-7,2020-04-08T07:40:32.318,0.09803362044466249,6,0,1.0,0.16216216216216217,https://github.com/CSSEGISandData/COVID-19
,49,12,1.3243243243243243,Canada,CA,2020-03-06,66,0,0,0.0,2.467573137227239,1.5897343855891213E-7,2020-04-08T07:40:33.182,0.12982830815644492,6,0,1.0,0.12244897959183673,https://github.com/CSSEGISandData/COVID-19
,54,5,1.1020408163265305,Canada,CA,2020-03-07,67,0,0,0.0,7.13380444446947,2.1196458474521618E-7,2020-04-08T07:40:34.005,0.14307609470302093,8,2,1.3333333333333333,0.14814814814814814,https://github.com/CSSEGISandData/COVID-19
,64,10,1.1851851851851851,Canada,CA,2020-03-08,68,0,0,0.0,4.079759330211357,2.1196458474521618E-7,2020-04-08T07:40:35.056,0.16957166779617294,8,0,1.0,0.125,https://github.com/CSSEGISandData/COVID-19
0.013157894736842105,76,12,1.1875,Canada,CA,2020-03-09,69,1,0,0.0,4.033436975632575,2.1196458474521618E-7,2020-04-08T07:40:35.855,0.20136635550795537,8,0,1.0,0.10526315789473684,https://github.com/CSSEGISandData/COVID-19
0.012658227848101266,79,3,1.0394736842105263,Canada,CA,2020-03-10,70,1,0,1.0,17.904065982411247,2.1196458474521618E-7,2020-04-08T07:40:36.668,0.209315027435901,8,0,1.0,0.10126582278481013,https://github.com/CSSEGISandData/COVID-19
0.009259259259259259,108,29,1.3670886075949367,Canada,CA,2020-03-11,71,1,0,1.0,2.2167701794822263,2.1196458474521618E-7,2020-04-08T07:40:37.487,0.28615218940604187,8,0,1.0,0.07407407407407407,https://github.com/CSSEGISandData/COVID-19
0.008547008547008548,117,9,1.0833333333333333,Canada,CA,2020-03-12,72,1,0,1.0,8.659716802522823,2.1196458474521618E-7,2020-04-08T07:40:38.406,0.3099982051898787,8,0,1.0,0.06837606837606838,https://github.com/CSSEGISandData/COVID-19
0.0051813471502590676,193,76,1.6495726495726495,Canada,CA,2020-03-13,73,1,0,1.0,1.3848644771715757,2.1196458474521618E-7,2020-04-08T07:40:39.229,0.5113645606978341,8,0,1.0,0.04145077720207254,https://github.com/CSSEGISandData/COVID-19
0.00510204081632653,196,3,1.0155440414507773,Canada,CA,2020-03-14,74,1,0,1.0,44.93815125749263,2.1196458474521618E-7,2020-04-08T07:40:40.048,0.5193132326257797,8,0,1.0,0.04081632653061224,https://github.com/CSSEGISandData/COVID-19
0.004,250,54,1.2755102040816326,Canada,CA,2020-03-15,75,1,0,1.0,2.8483987568057394,2.1196458474521618E-7,2020-04-08T07:40:40.843,0.6623893273288006,8,0,1.0,0.032,https://github.com/CSSEGISandData/COVID-19
0.00963855421686747,415,165,1.66,Canada,CA,2020-03-16,76,4,3,4.0,1.3676462248365902,2.384601578383682E-7,2020-04-08T07:40:41.688,1.099566283365809,9,1,1.125,0.021686746987951807,https://github.com/CSSEGISandData/COVID-19
0.010460251046025104,478,63,1.1518072289156627,Canada,CA,2020-03-17,77,5,1,1.25,4.904382160813346,2.384601578383682E-7,2020-04-08T07:40:42.236,1.2664883938526668,9,0,1.0,0.01882845188284519,https://github.com/CSSEGISandData/COVID-19
0.0121765601217656,657,179,1.3744769874476988,Canada,CA,2020-03-18,78,8,3,1.6,2.179205897143034,2.384601578383682E-7,2020-04-08T07:40:43.241,1.740759152220088,9,0,1.0,0.0136986301369863,https://github.com/CSSEGISandData/COVID-19
0.01125,800,143,1.21765601217656,Canada,CA,2020-03-19,79,9,1,1.125,3.5198052292108173,2.384601578383682E-7,2020-04-08T07:40:44.043,2.119645847452162,9,0,1.0,0.01125,https://github.com/CSSEGISandData/COVID-19
0.012725344644750796,943,143,1.17875,Canada,CA,2020-03-20,80,12,3,1.3333333333333333,4.2148250664460445,2.384601578383682E-7,2020-04-08T07:40:44.945,2.4985325426842357,9,0,1.0,0.009544008483563097,https://github.com/CSSEGISandData/COVID-19
0.01486697965571205,1278,335,1.3552492046659597,Canada,CA,2020-03-21,81,19,7,1.5833333333333333,2.2801992770583013,2.6495573093152023E-7,2020-04-08T07:40:45.736,3.3861342413048288,10,1,1.1111111111111112,0.00782472613458529,https://github.com/CSSEGISandData/COVID-19
0.014285714285714285,1470,192,1.1502347417840375,Canada,CA,2020-03-22,82,21,2,1.105263157894737,4.952252393611409,0.0,2020-04-08T07:40:46.774,3.8948492446933476,0,-10,0.0,,https://github.com/CSSEGISandData/COVID-19
0.011973180076628353,2088,618,1.420408163265306,Canada,CA,2020-03-23,83,25,4,1.1904761904761905,1.975091891602234,0.0,2020-04-08T07:40:48.320,5.532275661850142,0,0,0.0,,https://github.com/CSSEGISandData/COVID-19
0.00931899641577061,2790,702,1.3362068965517242,Canada,CA,2020-03-24,84,26,1,1.04,2.3915239980686196,2.9145130402467226E-6,2020-04-08T07:40:49.149,7.392264892989415,110,0,0.0,0.03942652329749104,https://github.com/CSSEGISandData/COVID-19
0.009227929867733005,3251,461,1.1652329749103942,Canada,CA,2020-03-25,85,30,4,1.1538461538461537,4.532712801862832,4.8486898760468206E-6,2020-04-08T07:40:50.646,8.613710812583722,183,73,1.6636363636363636,0.05629037219317133,https://github.com/CSSEGISandData/COVID-19
0.009401286491835725,4042,791,1.2433097508458937,Canada,CA,2020-03-26,86,38,8,1.2666666666666666,3.1828303800008944,4.875185449139973E-6,2020-04-08T07:40:51.528,10.709510644252047,184,1,1.005464480874317,0.045522018802572985,https://github.com/CSSEGISandData/COVID-19
0.011533532678342588,4682,640,1.1583374567046016,Canada,CA,2020-03-27,87,54,16,1.4210526315789473,4.715744078240981,6.782866711846918E-6,2020-04-08T07:40:52.802,12.405227322213777,256,72,1.391304347826087,0.054677488252883384,https://github.com/CSSEGISandData/COVID-19
0.01093974175035868,5576,894,1.1909440410081162,Canada,CA,2020-03-28,88,61,7,1.1296296296296295,3.966591356432597,1.2346937061408843E-5,2020-04-08T07:40:54.438,14.773931556741568,466,210,1.8203125,0.08357245337159254,https://github.com/CSSEGISandData/COVID-19
0.01019108280254777,6280,704,1.1262553802008608,Canada,CA,2020-03-29,89,64,3,1.0491803278688525,5.829748109301204,1.2346937061408843E-5,2020-04-08T07:40:55.410,16.63921990249947,466,0,1.0,0.07420382165605095,https://github.com/CSSEGISandData/COVID-19
0.010813733441470668,7398,1118,1.1780254777070063,Canada,CA,2020-03-30,90,80,16,1.25,4.230642059629554,1.2346937061408843E-5,2020-04-08T07:40:57.096,19.60142497431387,466,0,1.0,0.06298999729656664,https://github.com/CSSEGISandData/COVID-19
0.0118447285094406,8527,1129,1.1526088131927548,Canada,CA,2020-03-31,91,101,21,1.2625,4.880359067277429,4.218095236429802E-5,2020-04-08T07:40:58.550,22.59277517653073,1592,1126,3.4163090128755367,0.18670106719831125,https://github.com/CSSEGISandData/COVID-19
0.011401673640167365,9560,1033,1.121144599507447,Canada,CA,2020-04-01,92,109,8,1.0792079207920793,6.061621415784393,3.5080138775333276E-5,2020-04-08T07:41:00.053,25.329767877053335,1324,-268,0.8316582914572864,0.1384937238493724,https://github.com/CSSEGISandData/COVID-19
0.012318326834455866,11284,1724,1.1803347280334728,Canada,CA,2020-04-02,93,139,30,1.275229357798165,4.180671083584142,4.596981931661876E-5,2020-04-08T07:41:01.541,29.897604678312742,1735,411,1.3104229607250755,0.15375753278979085,https://github.com/CSSEGISandData/COVID-19
0.014392538393503256,12437,1153,1.1021800779865296,Canada,CA,2020-04-03,94,179,40,1.2877697841726619,7.124539155566246,5.762787147760565E-5,2020-04-08T07:41:02.925,32.95254425595317,2175,440,1.2536023054755043,0.17488140226742785,https://github.com/CSSEGISandData/COVID-19
0.016797657574356605,12978,541,1.043499236150197,Canada,CA,2020-04-04,95,218,39,1.217877094972067,16.278811917246156,6.827909186105277E-5,2020-04-08T07:41:03.848,34.3859547602927,2577,402,1.1848275862068967,0.19856680536292187,https://github.com/CSSEGISandData/COVID-19
0.01643818227976644,15756,2778,1.214054553860379,Canada,CA,2020-04-05,96,259,41,1.188073394495413,3.57355674021349,7.98046661565739E-5,2020-04-08T07:41:04.868,41.74642496557033,3012,435,1.168800931315483,0.19116527037319117,https://github.com/CSSEGISandData/COVID-19
0.020467306647346497,16563,807,1.0512185833968013,Canada,CA,2020-04-06,97,339,80,1.308880308880309,13.87680741289103,8.626958599130299E-5,2020-04-08T07:41:05.697,43.8846177141877,3256,244,1.0810092961487383,0.19658274467185896,https://github.com/CSSEGISandData/COVID-19
