caseFatalityRisk,confirmed,confirmedDelta,confirmedGrowthRate,country,countryCode,dateId,dayId,deceased,deceasedDelta,deceasedGrowthRate,doublingTime,immunizationRate,importDate,incidencePer100k,infectious,infectiousDelta,infectiousGrowthRate,recovered,recoveredDelta,recoveredGrowthRate,recoveryRate,source,tested,testedDelta,testedPer1k
0.0,0,0,0.0,Ecuador,EC,2020-01-22,22,0,0,0.0,0.0,0.0,2020-04-10T18:19:43.353,0.0,0,0,0.0,0,0,0.0,0.0,https://github.com/CSSEGISandData/COVID-19,0,0,0.0
0.0,0,0,0.0,Ecuador,EC,2020-01-23,23,0,0,0.0,0.0,0.0,2020-04-10T18:19:44.044,0.0,0,0,0.0,0,0,0.0,0.0,https://github.com/CSSEGISandData/COVID-19,0,0,0.0
0.0,0,0,0.0,Ecuador,EC,2020-01-24,24,0,0,0.0,0.0,0.0,2020-04-10T18:19:44.821,0.0,0,0,0.0,0,0,0.0,0.0,https://github.com/CSSEGISandData/COVID-19,0,0,0.0
0.0,0,0,0.0,Ecuador,EC,2020-01-25,25,0,0,0.0,0.0,0.0,2020-04-10T18:19:45.370,0.0,0,0,0.0,0,0,0.0,0.0,https://github.com/CSSEGISandData/COVID-19,0,0,0.0
0.0,0,0,0.0,Ecuador,EC,2020-01-26,26,0,0,0.0,0.0,0.0,2020-04-10T18:19:46.407,0.0,0,0,0.0,0,0,0.0,0.0,https://github.com/CSSEGISandData/COVID-19,0,0,0.0
0.0,0,0,0.0,Ecuador,EC,2020-01-27,27,0,0,0.0,0.0,0.0,2020-04-10T18:19:47.315,0.0,0,0,0.0,0,0,0.0,0.0,https://github.com/CSSEGISandData/COVID-19,0,0,0.0
0.0,0,0,0.0,Ecuador,EC,2020-01-28,28,0,0,0.0,0.0,0.0,2020-04-10T18:19:47.902,0.0,0,0,0.0,0,0,0.0,0.0,https://github.com/CSSEGISandData/COVID-19,0,0,0.0
0.0,0,0,0.0,Ecuador,EC,2020-01-29,29,0,0,0.0,0.0,0.0,2020-04-10T18:19:48.483,0.0,0,0,0.0,0,0,0.0,0.0,https://github.com/CSSEGISandData/COVID-19,0,0,0.0
0.0,0,0,0.0,Ecuador,EC,2020-01-30,30,0,0,0.0,0.0,0.0,2020-04-10T18:19:49.376,0.0,0,0,0.0,0,0,0.0,0.0,https://github.com/CSSEGISandData/COVID-19,0,0,0.0
0.0,0,0,0.0,Ecuador,EC,2020-01-31,31,0,0,0.0,0.0,0.0,2020-04-10T18:19:49.939,0.0,0,0,0.0,0,0,0.0,0.0,https://github.com/CSSEGISandData/COVID-19,0,0,0.0
0.0,0,0,0.0,Ecuador,EC,2020-02-01,32,0,0,0.0,0.0,0.0,2020-04-10T18:19:50.502,0.0,0,0,0.0,0,0,0.0,0.0,https://github.com/CSSEGISandData/COVID-19,0,0,0.0
0.0,0,0,0.0,Ecuador,EC,2020-02-02,33,0,0,0.0,0.0,0.0,2020-04-10T18:19:51.050,0.0,0,0,0.0,0,0,0.0,0.0,https://github.com/CSSEGISandData/COVID-19,0,0,0.0
0.0,0,0,0.0,Ecuador,EC,2020-02-03,34,0,0,0.0,0.0,0.0,2020-04-10T18:19:52.038,0.0,0,0,0.0,0,0,0.0,0.0,https://github.com/CSSEGISandData/COVID-19,0,0,0.0
0.0,0,0,0.0,Ecuador,EC,2020-02-04,35,0,0,0.0,0.0,0.0,2020-04-10T18:19:52.961,0.0,0,0,0.0,0,0,0.0,0.0,https://github.com/CSSEGISandData/COVID-19,0,0,0.0
0.0,0,0,0.0,Ecuador,EC,2020-02-05,36,0,0,0.0,0.0,0.0,2020-04-10T18:19:53.742,0.0,0,0,0.0,0,0,0.0,0.0,https://github.com/CSSEGISandData/COVID-19,0,0,0.0
0.0,0,0,0.0,Ecuador,EC,2020-02-06,37,0,0,0.0,0.0,0.0,2020-04-10T18:19:54.403,0.0,0,0,0.0,0,0,0.0,0.0,https://github.com/CSSEGISandData/COVID-19,0,0,0.0
0.0,0,0,0.0,Ecuador,EC,2020-02-07,38,0,0,0.0,0.0,0.0,2020-04-10T18:19:54.947,0.0,0,0,0.0,0,0,0.0,0.0,https://github.com/CSSEGISandData/COVID-19,0,0,0.0
0.0,0,0,0.0,Ecuador,EC,2020-02-08,39,0,0,0.0,0.0,0.0,2020-04-10T18:19:55.492,0.0,0,0,0.0,0,0,0.0,0.0,https://github.com/CSSEGISandData/COVID-19,0,0,0.0
0.0,0,0,0.0,Ecuador,EC,2020-02-09,40,0,0,0.0,0.0,0.0,2020-04-10T18:19:56.065,0.0,0,0,0.0,0,0,0.0,0.0,https://github.com/CSSEGISandData/COVID-19,0,0,0.0
0.0,0,0,0.0,Ecuador,EC,2020-02-10,41,0,0,0.0,0.0,0.0,2020-04-10T18:19:56.632,0.0,0,0,0.0,0,0,0.0,0.0,https://github.com/CSSEGISandData/COVID-19,0,0,0.0
0.0,0,0,0.0,Ecuador,EC,2020-02-11,42,0,0,0.0,0.0,0.0,2020-04-10T18:19:57.180,0.0,0,0,0.0,0,0,0.0,0.0,https://github.com/CSSEGISandData/COVID-19,0,0,0.0
0.0,0,0,0.0,Ecuador,EC,2020-02-12,43,0,0,0.0,0.0,0.0,2020-04-10T18:19:57.979,0.0,0,0,0.0,0,0,0.0,0.0,https://github.com/CSSEGISandData/COVID-19,0,0,0.0
0.0,0,0,0.0,Ecuador,EC,2020-02-13,44,0,0,0.0,0.0,0.0,2020-04-10T18:19:58.542,0.0,0,0,0.0,0,0,0.0,0.0,https://github.com/CSSEGISandData/COVID-19,0,0,0.0
0.0,0,0,0.0,Ecuador,EC,2020-02-14,45,0,0,0.0,0.0,0.0,2020-04-10T18:19:59.136,0.0,0,0,0.0,0,0,0.0,0.0,https://github.com/CSSEGISandData/COVID-19,0,0,0.0
0.0,0,0,0.0,Ecuador,EC,2020-02-15,46,0,0,0.0,0.0,0.0,2020-04-10T18:19:59.699,0.0,0,0,0.0,0,0,0.0,0.0,https://github.com/CSSEGISandData/COVID-19,0,0,0.0
0.0,0,0,0.0,Ecuador,EC,2020-02-16,47,0,0,0.0,0.0,0.0,2020-04-10T18:20:00.277,0.0,0,0,0.0,0,0,0.0,0.0,https://github.com/CSSEGISandData/COVID-19,0,0,0.0
0.0,0,0,0.0,Ecuador,EC,2020-02-17,48,0,0,0.0,0.0,0.0,2020-04-10T18:20:01.154,0.0,0,0,0.0,0,0,0.0,0.0,https://github.com/CSSEGISandData/COVID-19,0,0,0.0
0.0,0,0,0.0,Ecuador,EC,2020-02-18,49,0,0,0.0,0.0,0.0,2020-04-10T18:20:01.716,0.0,0,0,0.0,0,0,0.0,0.0,https://github.com/CSSEGISandData/COVID-19,0,0,0.0
0.0,0,0,0.0,Ecuador,EC,2020-02-19,50,0,0,0.0,0.0,0.0,2020-04-10T18:20:02.512,0.0,0,0,0.0,0,0,0.0,0.0,https://github.com/CSSEGISandData/COVID-19,0,0,0.0
0.0,0,0,0.0,Ecuador,EC,2020-02-20,51,0,0,0.0,0.0,0.0,2020-04-10T18:20:03.082,0.0,0,0,0.0,0,0,0.0,0.0,https://github.com/CSSEGISandData/COVID-19,0,0,0.0
0.0,0,0,0.0,Ecuador,EC,2020-02-21,52,0,0,0.0,0.0,0.0,2020-04-10T18:20:03.898,0.0,0,0,0.0,0,0,0.0,0.0,https://github.com/CSSEGISandData/COVID-19,0,0,0.0
0.0,0,0,0.0,Ecuador,EC,2020-02-22,53,0,0,0.0,0.0,0.0,2020-04-10T18:20:04.690,0.0,0,0,0.0,0,0,0.0,0.0,https://github.com/CSSEGISandData/COVID-19,0,0,0.0
0.0,0,0,0.0,Ecuador,EC,2020-02-23,54,0,0,0.0,0.0,0.0,2020-04-10T18:20:05.299,0.0,0,0,0.0,0,0,0.0,0.0,https://github.com/CSSEGISandData/COVID-19,0,0,0.0
0.0,0,0,0.0,Ecuador,EC,2020-02-24,55,0,0,0.0,0.0,0.0,2020-04-10T18:20:05.884,0.0,0,0,0.0,0,0,0.0,0.0,https://github.com/CSSEGISandData/COVID-19,0,0,0.0
0.0,0,0,0.0,Ecuador,EC,2020-02-25,56,0,0,0.0,0.0,0.0,2020-04-10T18:20:06.478,0.0,0,0,0.0,0,0,0.0,0.0,https://github.com/CSSEGISandData/COVID-19,0,0,0.0
0.0,0,0,0.0,Ecuador,EC,2020-02-26,57,0,0,0.0,0.0,0.0,2020-04-10T18:20:07.046,0.0,0,0,0.0,0,0,0.0,0.0,https://github.com/CSSEGISandData/COVID-19,0,0,0.0
0.0,0,0,0.0,Ecuador,EC,2020-02-27,58,0,0,0.0,0.0,0.0,2020-04-10T18:20:07.606,0.0,0,0,0.0,0,0,0.0,0.0,https://github.com/CSSEGISandData/COVID-19,0,0,0.0
0.0,0,0,0.0,Ecuador,EC,2020-02-28,59,0,0,0.0,0.0,0.0,2020-04-10T18:20:08.151,0.0,0,0,0.0,0,0,0.0,0.0,https://github.com/CSSEGISandData/COVID-19,0,0,0.0
0.0,0,0,0.0,Ecuador,EC,2020-02-29,60,0,0,0.0,0.0,0.0,2020-04-10T18:20:08.726,0.0,0,0,0.0,0,0,0.0,0.0,https://github.com/CSSEGISandData/COVID-19,0,0,0.0
0.0,6,0,0.0,Ecuador,EC,2020-03-01,61,0,0,0.0,0.0,0.0,2020-04-10T18:20:09.647,0.034007717711457434,6,0,0.0,0,0,0.0,0.0,https://github.com/CSSEGISandData/COVID-19,0,0,0.0
0.0,6,0,1.0,Ecuador,EC,2020-03-02,62,0,0,0.0,0.0,0.0,2020-04-10T18:20:10.275,0.034007717711457434,6,0,1.0,0,0,0.0,0.0,https://github.com/CSSEGISandData/COVID-19,0,0,0.0
0.0,7,1,1.1666666666666667,Ecuador,EC,2020-03-03,63,0,0,0.0,4.49655610560192,0.0,2020-04-10T18:20:10.861,0.03967567066336701,7,1,1.1666666666666667,0,0,0.0,0.0,https://github.com/CSSEGISandData/COVID-19,0,0,0.0
0.0,10,3,1.4285714285714286,Ecuador,EC,2020-03-04,64,0,0,0.0,1.9433582098747317,0.0,2020-04-10T18:20:11.406,0.05667952951909573,10,3,1.4285714285714286,0,0,0.0,0.0,https://github.com/CSSEGISandData/COVID-19,0,0,0.0
0.0,13,3,1.3,Ecuador,EC,2020-03-05,65,0,0,0.0,2.6419267958111403,0.0,2020-04-10T18:20:12.002,0.07368338837482445,13,3,1.3,0,0,0.0,0.0,https://github.com/CSSEGISandData/COVID-19,0,0,0.0
0.0,13,0,1.0,Ecuador,EC,2020-03-06,66,0,0,0.0,0.0,0.0,2020-04-10T18:20:12.584,0.07368338837482445,13,0,1.0,0,0,0.0,0.0,https://github.com/CSSEGISandData/COVID-19,0,0,0.0
0.0,13,0,1.0,Ecuador,EC,2020-03-07,67,0,0,0.0,0.0,0.0,2020-04-10T18:20:13.164,0.07368338837482445,13,0,1.0,0,0,0.0,0.0,https://github.com/CSSEGISandData/COVID-19,0,0,0.0
0.0,14,1,1.0769230769230769,Ecuador,EC,2020-03-08,68,0,0,0.0,9.353206684999465,0.0,2020-04-10T18:20:14.083,0.07935134132673402,14,1,1.0769230769230769,0,0,0.0,0.0,https://github.com/CSSEGISandData/COVID-19,0,0,0.0
0.0,15,1,1.0714285714285714,Ecuador,EC,2020-03-09,69,0,0,0.0,10.04664924971328,0.0,2020-04-10T18:20:14.634,0.08501929427864359,15,1,1.0714285714285714,0,0,0.0,0.0,https://github.com/CSSEGISandData/COVID-19,0,0,0.0
0.0,15,0,1.0,Ecuador,EC,2020-03-10,70,0,0,0.0,0.0,0.0,2020-04-10T18:20:15.233,0.08501929427864359,15,0,1.0,0,0,0.0,0.0,https://github.com/CSSEGISandData/COVID-19,0,0,0.0
0.0,17,2,1.1333333333333333,Ecuador,EC,2020-03-11,71,0,0,0.0,5.537949624792162,0.0,2020-04-10T18:20:15.750,0.09635520018246274,17,2,1.1333333333333333,0,0,0.0,0.0,https://github.com/CSSEGISandData/COVID-19,0,0,0.0
0.0,17,0,1.0,Ecuador,EC,2020-03-12,72,0,0,0.0,0.0,0.0,2020-04-10T18:20:16.530,0.09635520018246274,17,0,1.0,0,0,0.0,0.0,https://github.com/CSSEGISandData/COVID-19,0,0,0.0
0.0,17,0,1.0,Ecuador,EC,2020-03-13,73,0,0,0.0,0.0,0.0,2020-04-10T18:20:17.076,0.09635520018246274,17,0,1.0,0,0,0.0,0.0,https://github.com/CSSEGISandData/COVID-19,0,0,0.0
0.07142857142857142,28,11,1.6470588235294117,Ecuador,EC,2020-03-14,74,2,0,0.0,1.3890970975519428,0.0,2020-04-10T18:20:17.661,0.15870268265346804,26,9,1.5294117647058822,0,0,0.0,0.0,https://github.com/CSSEGISandData/COVID-19,0,0,0.0
0.07142857142857142,28,0,1.0,Ecuador,EC,2020-03-15,75,2,0,1.0,0.0,0.0,2020-04-10T18:20:18.560,0.15870268265346804,26,0,1.0,0,0,0.0,0.0,https://github.com/CSSEGISandData/COVID-19,0,0,0.0
0.05405405405405406,37,9,1.3214285714285714,Ecuador,EC,2020-03-16,76,2,0,1.0,2.4869531727559813,0.0,2020-04-10T18:20:19.154,0.2097142592206542,35,9,1.3461538461538463,0,0,0.0,0.0,https://github.com/CSSEGISandData/COVID-19,0,0,0.0
0.034482758620689655,58,21,1.5675675675675675,Ecuador,EC,2020-03-17,77,2,0,1.0,1.5419543509242644,0.0,2020-04-10T18:20:20.099,0.32874127121075525,56,21,1.6,0,0,0.0,0.0,https://github.com/CSSEGISandData/COVID-19,0,0,0.0
0.018018018018018018,111,53,1.9137931034482758,Ecuador,EC,2020-03-18,78,2,0,1.0,1.0678799249482034,0.0,2020-04-10T18:20:21.333,0.6291427776619626,109,53,1.9464285714285714,0,0,0.0,0.0,https://github.com/CSSEGISandData/COVID-19,762,0,0.0439556839025633
0.01507537688442211,199,88,1.7927927927927927,Ecuador,EC,2020-03-19,79,3,1,1.5,1.187354079402262,0.0,2020-04-10T18:20:21.901,1.127922637430005,196,87,1.798165137614679,0,0,0.0,0.0,https://github.com/CSSEGISandData/COVID-19,1153,391,0.0665103720992854
0.013623978201634877,367,168,1.8442211055276383,Ecuador,EC,2020-03-20,80,5,2,1.6666666666666667,1.1324879123005112,0.0,2020-04-10T18:20:22.472,2.0801387333508132,362,166,1.846938775510204,0,0,0.0,0.0,https://github.com/CSSEGISandData/COVID-19,1670,517,0.0963333229885573
0.01383399209486166,506,139,1.3787465940054495,Ecuador,EC,2020-03-21,81,7,2,1.4,2.1581616451101557,1.700385885572872E-7,2020-04-10T18:20:23.271,2.867984193666244,496,134,1.3701657458563536,3,0,0.0,0.005928853754940711,https://github.com/CSSEGISandData/COVID-19,2051,381,0.118311164939839
0.017743979721166033,789,283,1.5592885375494072,Ecuador,EC,2020-03-22,82,14,7,2.0,1.5603352413066196,1.700385885572872E-7,2020-04-10T18:20:23.899,4.472014879056653,772,276,1.5564516129032258,3,0,1.0,0.0038022813688212928,https://github.com/CSSEGISandData/COVID-19,2360,309,0.136135713923949
0.01834862385321101,981,192,1.2433460076045628,Ecuador,EC,2020-03-23,83,18,4,1.2857142857142858,3.18240424551415,1.700385885572872E-7,2020-04-10T18:20:24.537,5.560261845823291,960,188,1.2435233160621761,3,0,1.0,0.0030581039755351682,https://github.com/CSSEGISandData/COVID-19,2780,420,0.160363256232449
0.024953789279112754,1082,101,1.1029561671763506,Ecuador,EC,2020-03-24,84,27,9,1.5,7.073363488419288,1.700385885572872E-7,2020-04-10T18:20:25.182,6.132725093966158,1052,92,1.0958333333333334,3,0,1.0,0.0027726432532347504,https://github.com/CSSEGISandData/COVID-19,3618,838,0.20870297160036
0.023870417732310314,1173,91,1.0841035120147875,Ecuador,EC,2020-03-25,85,28,1,1.037037037037037,8.583505745367559,1.700385885572872E-7,2020-04-10T18:20:25.785,6.648508812589929,1142,90,1.085551330798479,3,0,1.0,0.0025575447570332483,https://github.com/CSSEGISandData/COVID-19,4290,672,0.247467039293959
0.024233784746970778,1403,230,1.196078431372549,Ecuador,EC,2020-03-26,86,34,6,1.2142857142857142,3.87128750142074,1.700385885572872E-7,2020-04-10T18:20:26.390,7.95213799152913,1366,224,1.1961471103327495,3,0,1.0,0.0021382751247327157,https://github.com/CSSEGISandData/COVID-19,5090,800,0.293614738929196
0.0225705329153605,1595,192,1.1368496079828938,Ecuador,EC,2020-03-27,87,36,2,1.0588235294117647,5.404195594944345,1.700385885572872E-7,2020-04-10T18:20:27.219,9.04038495829577,1556,190,1.1390922401171304,3,0,1.0,0.0018808777429467085,https://github.com/CSSEGISandData/COVID-19,5915,825,0.341204554178034
0.026330224904004388,1823,228,1.1429467084639497,Ecuador,EC,2020-03-28,88,48,12,1.3333333333333333,5.187848427860707,1.700385885572872E-7,2020-04-10T18:20:28.135,10.332678231331151,1772,216,1.1388174807197944,3,0,1.0,0.0016456390565002743,https://github.com/CSSEGISandData/COVID-19,6615,700,0.381583791358866
0.030145530145530147,1924,101,1.0554031815688425,Ecuador,EC,2020-03-29,89,58,10,1.2083333333333333,12.85442250181855,1.700385885572872E-7,2020-04-10T18:20:29.060,10.905141479474018,1863,91,1.0513544018058691,3,0,1.0,0.0015592515592515593,https://github.com/CSSEGISandData/COVID-19,6992,377,0.403330894811972
0.03058103975535168,1962,38,1.0197505197505197,Ecuador,EC,2020-03-30,90,60,2,1.0344827586206897,35.440580077255134,1.700385885572872E-7,2020-04-10T18:20:29.977,11.120523691646582,1899,36,1.0193236714975846,3,0,1.0,0.0015290519877675841,https://github.com/CSSEGISandData/COVID-19,7451,459,0.429808137477689
0.033482142857142856,2240,278,1.1416921508664628,Ecuador,EC,2020-03-31,91,75,15,1.25,5.230845291545245,3.0606945940311694E-6,2020-04-10T18:20:30.887,12.696214612277442,2111,212,1.1116377040547656,54,51,18.0,0.024107142857142858,https://github.com/CSSEGISandData/COVID-19,8251,800,0.475955837112926
0.03384279475982533,2748,508,1.2267857142857144,Ecuador,EC,2020-04-01,92,93,18,1.24,3.3911723566002254,3.2874127121075525E-6,2020-04-10T18:20:31.902,15.575534711847506,2597,486,1.2302226432970156,58,4,1.0740740740740742,0.021106259097525473,https://github.com/CSSEGISandData/COVID-19,9019,768,0.520257628762754
0.0379386658235852,3163,415,1.151018922852984,Ecuador,EC,2020-04-02,93,120,27,1.2903225806451613,4.928255644518253,3.6841694187412225E-6,2020-04-10T18:20:32.752,17.92773518688998,2978,381,1.1467077396996534,65,7,1.1206896551724137,0.020550110654441987,https://github.com/CSSEGISandData/COVID-19,9604,585,0.554003134121021
0.043052256532066506,3368,205,1.0648118874486248,Ecuador,EC,2020-04-03,94,145,25,1.2083333333333333,11.037700280345172,3.6841694187412225E-6,2020-04-10T18:20:33.749,19.08966554203144,3158,180,1.0604432505036938,65,0,1.0,0.019299287410926364,https://github.com/CSSEGISandData/COVID-19,10317,713,0.595132271420926
0.04963924963924964,3465,97,1.0288004750593824,Ecuador,EC,2020-04-04,95,172,27,1.186206896551724,24.412146981946183,5.667952951909573E-6,2020-04-10T18:20:34.759,19.63945697836667,3193,35,1.0110829639012033,100,35,1.5384615384615385,0.02886002886002886,https://github.com/CSSEGISandData/COVID-19,11309,992,0.65235541896862
0.04936917169500823,3646,181,1.0522366522366522,Ecuador,EC,2020-04-05,96,180,8,1.0465116279069768,13.612997109754067,5.667952951909573E-6,2020-04-10T18:20:35.389,20.665356462662302,3366,173,1.0541810209834013,100,0,1.0,0.027427317608337904,https://github.com/CSSEGISandData/COVID-19,12386,1077,0.714481759602558
0.05097411262343208,3747,101,1.0277015907844214,Ecuador,EC,2020-04-06,97,191,11,1.0611111111111111,25.366922198941715,5.667952951909573E-6,2020-04-11T12:17:16.989,21.23781971080517,3456,90,1.0267379679144386,100,0,1.0,0.02668801708033093,https://github.com/CSSEGISandData/COVID-19,13039,653,0.75214981942982
0.05097411262343208,3747,0,1.0,Ecuador,EC,2020-04-07,98,191,0,1.0,0.0,5.667952951909573E-6,2020-04-11T12:17:19.461,21.23781971080517,3456,0,1.0,100,0,1.0,0.02668801708033093,https://github.com/CSSEGISandData/COVID-19,14406,1367,0.831004701181531
0.05438202247191011,4450,703,1.1876167600747265,Ecuador,EC,2020-04-08,99,242,51,1.2670157068062826,4.031130674104207,7.935134132673402E-6,2020-04-11T12:17:20.795,25.2223906359976,4068,612,1.1770833333333333,140,40,1.4,0.03146067415730337,https://github.com/CSSEGISandData/COVID-19,15526,1120,0.895611480670863
0.054783484390735146,4965,515,1.1157303370786518,Ecuador,EC,2020-04-09,100,272,30,1.1239669421487604,6.3295793614720175,1.921436050697345E-5,2020-04-11T12:17:21.821,28.141386406231028,4354,286,1.0703048180924286,339,199,2.4214285714285713,0.06827794561933535,https://github.com/CSSEGISandData/COVID-19,19102,3576,1.10189169804037
0.041474654377880185,7161,2196,1.4422960725075529,Ecuador,EC,2020-04-10,101,297,25,1.0919117647058822,1.892622625451413,2.085806686302723E-5,2020-04-11T12:17:22.498,40.58821108862445,6496,2142,1.4919614147909968,368,29,1.0855457227138643,0.051389470744309454,https://github.com/CSSEGISandData/COVID-19,21568,2466,1.24414198216599
