caseFatalityRisk,confirmed,confirmedDelta,confirmedGrowthRate,country,countryCode,dateId,dayId,deceased,deceasedDelta,deceasedGrowthRate,doublingTime,immunizationRate,importDate,incidencePer100k,recovered,recoveredDelta,recoveredGrowthRate,recoveryRate,source
,0,,,Estonia,EE,2020-01-22,22,0,,,,0.0,2020-04-08T07:39:55.346,0.0,0,,,,https://github.com/CSSEGISandData/COVID-19
,0,,,Estonia,EE,2020-01-23,23,0,,,,0.0,2020-04-08T07:39:57.121,0.0,0,,,,https://github.com/CSSEGISandData/COVID-19
,0,,,Estonia,EE,2020-01-24,24,0,,,,0.0,2020-04-08T07:39:58.149,0.0,0,,,,https://github.com/CSSEGISandData/COVID-19
,0,,,Estonia,EE,2020-01-25,25,0,,,,0.0,2020-04-08T07:39:59.170,0.0,0,,,,https://github.com/CSSEGISandData/COVID-19
,0,,,Estonia,EE,2020-01-26,26,0,,,,0.0,2020-04-08T07:40:00.090,0.0,0,,,,https://github.com/CSSEGISandData/COVID-19
,0,,,Estonia,EE,2020-01-27,27,0,,,,0.0,2020-04-08T07:40:01.015,0.0,0,,,,https://github.com/CSSEGISandData/COVID-19
,0,,,Estonia,EE,2020-01-28,28,0,,,,0.0,2020-04-08T07:40:01.832,0.0,0,,,,https://github.com/CSSEGISandData/COVID-19
,0,,,Estonia,EE,2020-01-29,29,0,,,,0.0,2020-04-08T07:40:02.754,0.0,0,,,,https://github.com/CSSEGISandData/COVID-19
,0,,,Estonia,EE,2020-01-30,30,0,,,,0.0,2020-04-08T07:40:03.536,0.0,0,,,,https://github.com/CSSEGISandData/COVID-19
,0,,,Estonia,EE,2020-01-31,31,0,,,,0.0,2020-04-08T07:40:04.394,0.0,0,,,,https://github.com/CSSEGISandData/COVID-19
,0,,,Estonia,EE,2020-02-01,32,0,,,,0.0,2020-04-08T07:40:05.265,0.0,0,,,,https://github.com/CSSEGISandData/COVID-19
,0,,,Estonia,EE,2020-02-02,33,0,,,,0.0,2020-04-08T07:40:06.133,0.0,0,,,,https://github.com/CSSEGISandData/COVID-19
,0,,,Estonia,EE,2020-02-03,34,0,,,,0.0,2020-04-08T07:40:06.906,0.0,0,,,,https://github.com/CSSEGISandData/COVID-19
,0,,,Estonia,EE,2020-02-04,35,0,,,,0.0,2020-04-08T07:40:07.635,0.0,0,,,,https://github.com/CSSEGISandData/COVID-19
,0,,,Estonia,EE,2020-02-05,36,0,,,,0.0,2020-04-08T07:40:08.446,0.0,0,,,,https://github.com/CSSEGISandData/COVID-19
,0,,,Estonia,EE,2020-02-06,37,0,,,,0.0,2020-04-08T07:40:09.252,0.0,0,,,,https://github.com/CSSEGISandData/COVID-19
,0,,,Estonia,EE,2020-02-07,38,0,,,,0.0,2020-04-08T07:40:10.023,0.0,0,,,,https://github.com/CSSEGISandData/COVID-19
,0,,,Estonia,EE,2020-02-08,39,0,,,,0.0,2020-04-08T07:40:10.841,0.0,0,,,,https://github.com/CSSEGISandData/COVID-19
,0,,,Estonia,EE,2020-02-09,40,0,,,,0.0,2020-04-08T07:40:11.870,0.0,0,,,,https://github.com/CSSEGISandData/COVID-19
,0,,,Estonia,EE,2020-02-10,41,0,,,,0.0,2020-04-08T07:40:12.688,0.0,0,,,,https://github.com/CSSEGISandData/COVID-19
,0,,,Estonia,EE,2020-02-11,42,0,,,,0.0,2020-04-08T07:40:13.455,0.0,0,,,,https://github.com/CSSEGISandData/COVID-19
,0,,,Estonia,EE,2020-02-12,43,0,,,,0.0,2020-04-08T07:40:14.290,0.0,0,,,,https://github.com/CSSEGISandData/COVID-19
,0,,,Estonia,EE,2020-02-13,44,0,,,,0.0,2020-04-08T07:40:15.250,0.0,0,,,,https://github.com/CSSEGISandData/COVID-19
,0,,,Estonia,EE,2020-02-14,45,0,,,,0.0,2020-04-08T07:40:16.073,0.0,0,,,,https://github.com/CSSEGISandData/COVID-19
,0,,,Estonia,EE,2020-02-15,46,0,,,,0.0,2020-04-08T07:40:16.927,0.0,0,,,,https://github.com/CSSEGISandData/COVID-19
,0,,,Estonia,EE,2020-02-16,47,0,,,,0.0,2020-04-08T07:40:17.708,0.0,0,,,,https://github.com/CSSEGISandData/COVID-19
,0,,,Estonia,EE,2020-02-17,48,0,,,,0.0,2020-04-08T07:40:18.489,0.0,0,,,,https://github.com/CSSEGISandData/COVID-19
,0,,,Estonia,EE,2020-02-18,49,0,,,,0.0,2020-04-08T07:40:19.352,0.0,0,,,,https://github.com/CSSEGISandData/COVID-19
,0,,,Estonia,EE,2020-02-19,50,0,,,,0.0,2020-04-08T07:40:20.126,0.0,0,,,,https://github.com/CSSEGISandData/COVID-19
,0,,,Estonia,EE,2020-02-20,51,0,,,,0.0,2020-04-08T07:40:20.880,0.0,0,,,,https://github.com/CSSEGISandData/COVID-19
,0,,,Estonia,EE,2020-02-21,52,0,,,,0.0,2020-04-08T07:40:21.727,0.0,0,,,,https://github.com/CSSEGISandData/COVID-19
,0,,,Estonia,EE,2020-02-22,53,0,,,,0.0,2020-04-08T07:40:22.499,0.0,0,,,,https://github.com/CSSEGISandData/COVID-19
,0,,,Estonia,EE,2020-02-23,54,0,,,,0.0,2020-04-08T07:40:23.350,0.0,0,,,,https://github.com/CSSEGISandData/COVID-19
,0,,,Estonia,EE,2020-02-24,55,0,,,,0.0,2020-04-08T07:40:24.128,0.0,0,,,,https://github.com/CSSEGISandData/COVID-19
,0,,,Estonia,EE,2020-02-25,56,0,,,,0.0,2020-04-08T07:40:25.196,0.0,0,,,,https://github.com/CSSEGISandData/COVID-19
,0,,,Estonia,EE,2020-02-26,57,0,,,,0.0,2020-04-08T07:40:26.014,0.0,0,,,,https://github.com/CSSEGISandData/COVID-19
,1,0,0.0,Estonia,EE,2020-02-27,58,0,0,0.0,-0.0,0.0,2020-04-08T07:40:26.811,0.07538436603632773,0,0,0.0,,https://github.com/CSSEGISandData/COVID-19
,1,0,1.0,Estonia,EE,2020-02-28,59,0,0,0.0,,0.0,2020-04-08T07:40:27.652,0.07538436603632773,0,0,0.0,,https://github.com/CSSEGISandData/COVID-19
,1,0,1.0,Estonia,EE,2020-02-29,60,0,0,0.0,,0.0,2020-04-08T07:40:28.413,0.07538436603632773,0,0,0.0,,https://github.com/CSSEGISandData/COVID-19
,1,0,1.0,Estonia,EE,2020-03-01,61,0,0,0.0,,0.0,2020-04-08T07:40:29.174,0.07538436603632773,0,0,0.0,,https://github.com/CSSEGISandData/COVID-19
,1,0,1.0,Estonia,EE,2020-03-02,62,0,0,0.0,,0.0,2020-04-08T07:40:29.998,0.07538436603632773,0,0,0.0,,https://github.com/CSSEGISandData/COVID-19
,2,1,2.0,Estonia,EE,2020-03-03,63,0,0,0.0,1.0,0.0,2020-04-08T07:40:30.770,0.15076873207265545,0,0,0.0,,https://github.com/CSSEGISandData/COVID-19
,2,0,1.0,Estonia,EE,2020-03-04,64,0,0,0.0,,0.0,2020-04-08T07:40:31.536,0.15076873207265545,0,0,0.0,,https://github.com/CSSEGISandData/COVID-19
,3,1,1.5,Estonia,EE,2020-03-05,65,0,0,0.0,1.7095112913514547,0.0,2020-04-08T07:40:32.318,0.22615309810898318,0,0,0.0,,https://github.com/CSSEGISandData/COVID-19
,10,7,3.3333333333333335,Estonia,EE,2020-03-06,66,0,0,0.0,0.5757166424934449,0.0,2020-04-08T07:40:33.182,0.7538436603632773,0,0,0.0,,https://github.com/CSSEGISandData/COVID-19
,10,0,1.0,Estonia,EE,2020-03-07,67,0,0,0.0,,0.0,2020-04-08T07:40:34.005,0.7538436603632773,0,0,0.0,,https://github.com/CSSEGISandData/COVID-19
,10,0,1.0,Estonia,EE,2020-03-08,68,0,0,0.0,,0.0,2020-04-08T07:40:35.057,0.7538436603632773,0,0,0.0,,https://github.com/CSSEGISandData/COVID-19
,10,0,1.0,Estonia,EE,2020-03-09,69,0,0,0.0,,0.0,2020-04-08T07:40:35.855,0.7538436603632773,0,0,0.0,,https://github.com/CSSEGISandData/COVID-19
,12,2,1.2,Estonia,EE,2020-03-10,70,0,0,0.0,3.8017840169239308,0.0,2020-04-08T07:40:36.668,0.9046123924359327,0,0,0.0,,https://github.com/CSSEGISandData/COVID-19
,16,4,1.3333333333333333,Estonia,EE,2020-03-11,71,0,0,0.0,2.4094208396532095,0.0,2020-04-08T07:40:37.488,1.2061498565812436,0,0,0.0,,https://github.com/CSSEGISandData/COVID-19
,16,0,1.0,Estonia,EE,2020-03-12,72,0,0,0.0,,0.0,2020-04-08T07:40:38.406,1.2061498565812436,0,0,0.0,,https://github.com/CSSEGISandData/COVID-19
,79,63,4.9375,Estonia,EE,2020-03-13,73,0,0,0.0,0.4340690843915,0.0,2020-04-08T07:40:39.229,5.955364916869891,0,0,0.0,,https://github.com/CSSEGISandData/COVID-19
,115,36,1.4556962025316456,Estonia,EE,2020-03-14,74,0,0,0.0,1.8460085416506449,0.0,2020-04-08T07:40:40.048,8.669202094177688,0,0,0.0,,https://github.com/CSSEGISandData/COVID-19
,171,56,1.4869565217391305,Estonia,EE,2020-03-15,75,0,0,0.0,1.747144620759352,7.538436603632773E-7,2020-04-08T07:40:40.844,12.890726592212042,1,0,0.0,0.005847953216374269,https://github.com/CSSEGISandData/COVID-19
,205,34,1.1988304093567252,Estonia,EE,2020-03-16,76,0,0,0.0,3.8222269316676707,7.538436603632773E-7,2020-04-08T07:40:41.688,15.453795037447184,1,0,1.0,0.004878048780487805,https://github.com/CSSEGISandData/COVID-19
,225,20,1.0975609756097562,Estonia,EE,2020-03-17,77,0,0,0.0,7.445955853787694,7.538436603632773E-7,2020-04-08T07:40:42.236,16.96148235817374,1,0,1.0,0.0044444444444444444,https://github.com/CSSEGISandData/COVID-19
,258,33,1.1466666666666667,Estonia,EE,2020-03-18,78,0,0,0.0,5.064674264439008,7.538436603632773E-7,2020-04-08T07:40:43.241,19.449166437372554,1,0,1.0,0.003875968992248062,https://github.com/CSSEGISandData/COVID-19
,267,9,1.0348837209302326,Estonia,EE,2020-03-19,79,0,0,0.0,20.21481219059162,7.538436603632773E-7,2020-04-08T07:40:44.044,20.127625731699503,1,0,1.0,0.003745318352059925,https://github.com/CSSEGISandData/COVID-19
,283,16,1.0599250936329587,Estonia,EE,2020-03-20,80,0,0,0.0,11.910105693506159,7.538436603632773E-7,2020-04-08T07:40:44.945,21.333775588280748,1,0,1.0,0.0035335689045936395,https://github.com/CSSEGISandData/COVID-19
,306,23,1.0812720848056536,Estonia,EE,2020-03-21,81,0,0,0.0,8.870784614112756,7.538436603632773E-7,2020-04-08T07:40:45.736,23.067616007116285,1,0,1.0,0.0032679738562091504,https://github.com/CSSEGISandData/COVID-19
,326,20,1.065359477124183,Estonia,EE,2020-03-22,82,0,0,0.0,10.948068636478341,3.015374641453109E-6,2020-04-08T07:40:46.775,24.57530332784284,4,3,4.0,0.012269938650306749,https://github.com/CSSEGISandData/COVID-19
,352,26,1.0797546012269938,Estonia,EE,2020-03-23,83,0,0,0.0,9.033140971366175,3.015374641453109E-6,2020-04-08T07:40:48.320,26.53529684478736,4,0,1.0,0.011363636363636364,https://github.com/CSSEGISandData/COVID-19
,369,17,1.0482954545454546,Estonia,EE,2020-03-24,84,0,0,0.0,14.696073280942736,5.276905622542941E-6,2020-04-08T07:40:49.149,27.81683106740493,7,3,1.75,0.018970189701897018,https://github.com/CSSEGISandData/COVID-19
0.0024752475247524753,404,35,1.094850948509485,Estonia,EE,2020-03-25,85,1,0,0.0,7.649091695685754,6.030749282906218E-6,2020-04-08T07:40:50.646,30.4552838786764,8,1,1.1428571428571428,0.019801980198019802,https://github.com/CSSEGISandData/COVID-19
0.0018587360594795538,538,134,1.3316831683168318,Estonia,EE,2020-03-26,86,1,0,1.0,2.4198375584155585,6.030749282906218E-6,2020-04-08T07:40:51.529,40.55678892754432,8,0,1.0,0.01486988847583643,https://github.com/CSSEGISandData/COVID-19
0.0017391304347826088,575,37,1.0687732342007434,Estonia,EE,2020-03-27,87,1,0,1.0,10.4214666992287,8.29228026399605E-6,2020-04-08T07:40:52.802,43.346010470888444,11,3,1.375,0.019130434782608695,https://github.com/CSSEGISandData/COVID-19
0.0015503875968992248,645,70,1.1217391304347826,Estonia,EE,2020-03-28,88,1,0,1.0,6.033648287626558,1.5076873207265546E-5,2020-04-08T07:40:54.439,48.622916093431385,20,9,1.8181818181818181,0.031007751937984496,https://github.com/CSSEGISandData/COVID-19
0.004418262150220913,679,34,1.0527131782945736,Estonia,EE,2020-03-29,89,3,2,3.0,13.493016175252158,1.5076873207265546E-5,2020-04-08T07:40:55.411,51.185984538666524,20,0,1.0,0.029455081001472753,https://github.com/CSSEGISandData/COVID-19
0.004195804195804196,715,36,1.053019145802651,Estonia,EE,2020-03-30,90,3,0,1.0,13.41711563154928,1.5076873207265546E-5,2020-04-08T07:40:57.096,53.899821715974326,20,0,1.0,0.027972027972027972,https://github.com/CSSEGISandData/COVID-19
0.005369127516778523,745,30,1.0419580419580419,Estonia,EE,2020-03-31,91,4,1,1.3333333333333333,16.864207334583273,1.9599935169445208E-5,2020-04-08T07:40:58.550,56.16135269706416,26,6,1.3,0.0348993288590604,https://github.com/CSSEGISandData/COVID-19
0.006418485237483954,779,34,1.0456375838926175,Estonia,EE,2020-04-01,92,5,1,1.25,15.532073856175442,2.487684079198815E-5,2020-04-08T07:41:00.053,58.7244211422993,33,7,1.2692307692307692,0.04236200256739409,https://github.com/CSSEGISandData/COVID-19
0.01282051282051282,858,79,1.1014120667522465,Estonia,EE,2020-04-02,93,11,6,2.2,7.175952665362455,3.3922964716347475E-5,2020-04-08T07:41:01.542,64.67978605916919,45,12,1.3636363636363635,0.05244755244755245,https://github.com/CSSEGISandData/COVID-19
0.012486992715920915,961,103,1.1200466200466201,Estonia,EE,2020-04-03,94,12,1,1.0909090909090908,6.114009776677711,3.618449569743731E-5,2020-04-08T07:41:02.926,72.44437576091094,48,3,1.0666666666666667,0.04994797086368366,https://github.com/CSSEGISandData/COVID-19
0.012512030798845043,1039,78,1.081165452653486,Estonia,EE,2020-04-04,95,13,1,1.0833333333333333,8.881995029326863,4.447677596143336E-5,2020-04-08T07:41:03.848,78.32435631174451,59,11,1.2291666666666667,0.05678537054860443,https://github.com/CSSEGISandData/COVID-19
0.013673655423883319,1097,58,1.055822906641001,Estonia,EE,2020-04-05,96,15,2,1.1538461538461537,12.760331254026735,4.673830694252319E-5,2020-04-08T07:41:04.868,82.69664954185151,62,3,1.0508474576271187,0.056517775752051046,https://github.com/CSSEGISandData/COVID-19
0.017148014440433214,1108,11,1.0100273473108479,Estonia,EE,2020-04-06,97,19,4,1.2666666666666666,69.47167518944784,4.673830694252319E-5,2020-04-08T07:41:05.697,83.52587756825112,62,0,1.0,0.05595667870036101,https://github.com/CSSEGISandData/COVID-19
