caseFatalityRisk,confirmed,confirmedDelta,confirmedGrowthRate,country,countryCode,dateId,dayId,deceased,deceasedDelta,deceasedGrowthRate,doublingTime,immunizationRate,importDate,incidencePer100k,infectious,infectiousDelta,infectiousGrowthRate,recovered,recoveredDelta,recoveredGrowthRate,recoveryRate,source,tested,testedDelta,testedPer1k
0.0,0,0,0.0,Georgia,GE,2020-01-22,22,0,0,0.0,0.0,0.0,2020-04-10T18:19:43.352,0.0,0,0,0.0,0,0,0.0,0.0,https://github.com/CSSEGISandData/COVID-19,0,0,0.0
0.0,0,0,0.0,Georgia,GE,2020-01-23,23,0,0,0.0,0.0,0.0,2020-04-10T18:19:44.043,0.0,0,0,0.0,0,0,0.0,0.0,https://github.com/CSSEGISandData/COVID-19,0,0,0.0
0.0,0,0,0.0,Georgia,GE,2020-01-24,24,0,0,0.0,0.0,0.0,2020-04-10T18:19:44.820,0.0,0,0,0.0,0,0,0.0,0.0,https://github.com/CSSEGISandData/COVID-19,0,0,0.0
0.0,0,0,0.0,Georgia,GE,2020-01-25,25,0,0,0.0,0.0,0.0,2020-04-10T18:19:45.369,0.0,0,0,0.0,0,0,0.0,0.0,https://github.com/CSSEGISandData/COVID-19,0,0,0.0
0.0,0,0,0.0,Georgia,GE,2020-01-26,26,0,0,0.0,0.0,0.0,2020-04-10T18:19:46.407,0.0,0,0,0.0,0,0,0.0,0.0,https://github.com/CSSEGISandData/COVID-19,0,0,0.0
0.0,0,0,0.0,Georgia,GE,2020-01-27,27,0,0,0.0,0.0,0.0,2020-04-10T18:19:47.315,0.0,0,0,0.0,0,0,0.0,0.0,https://github.com/CSSEGISandData/COVID-19,0,0,0.0
0.0,0,0,0.0,Georgia,GE,2020-01-28,28,0,0,0.0,0.0,0.0,2020-04-10T18:19:47.901,0.0,0,0,0.0,0,0,0.0,0.0,https://github.com/CSSEGISandData/COVID-19,0,0,0.0
0.0,0,0,0.0,Georgia,GE,2020-01-29,29,0,0,0.0,0.0,0.0,2020-04-10T18:19:48.482,0.0,0,0,0.0,0,0,0.0,0.0,https://github.com/CSSEGISandData/COVID-19,0,0,0.0
0.0,0,0,0.0,Georgia,GE,2020-01-30,30,0,0,0.0,0.0,0.0,2020-04-10T18:19:49.375,0.0,0,0,0.0,0,0,0.0,0.0,https://github.com/CSSEGISandData/COVID-19,0,0,0.0
0.0,0,0,0.0,Georgia,GE,2020-01-31,31,0,0,0.0,0.0,0.0,2020-04-10T18:19:49.939,0.0,0,0,0.0,0,0,0.0,0.0,https://github.com/CSSEGISandData/COVID-19,0,0,0.0
0.0,0,0,0.0,Georgia,GE,2020-02-01,32,0,0,0.0,0.0,0.0,2020-04-10T18:19:50.502,0.0,0,0,0.0,0,0,0.0,0.0,https://github.com/CSSEGISandData/COVID-19,0,0,0.0
0.0,0,0,0.0,Georgia,GE,2020-02-02,33,0,0,0.0,0.0,0.0,2020-04-10T18:19:51.050,0.0,0,0,0.0,0,0,0.0,0.0,https://github.com/CSSEGISandData/COVID-19,0,0,0.0
0.0,0,0,0.0,Georgia,GE,2020-02-03,34,0,0,0.0,0.0,0.0,2020-04-10T18:19:52.037,0.0,0,0,0.0,0,0,0.0,0.0,https://github.com/CSSEGISandData/COVID-19,0,0,0.0
0.0,0,0,0.0,Georgia,GE,2020-02-04,35,0,0,0.0,0.0,0.0,2020-04-10T18:19:52.960,0.0,0,0,0.0,0,0,0.0,0.0,https://github.com/CSSEGISandData/COVID-19,0,0,0.0
0.0,0,0,0.0,Georgia,GE,2020-02-05,36,0,0,0.0,0.0,0.0,2020-04-10T18:19:53.742,0.0,0,0,0.0,0,0,0.0,0.0,https://github.com/CSSEGISandData/COVID-19,0,0,0.0
0.0,0,0,0.0,Georgia,GE,2020-02-06,37,0,0,0.0,0.0,0.0,2020-04-10T18:19:54.403,0.0,0,0,0.0,0,0,0.0,0.0,https://github.com/CSSEGISandData/COVID-19,0,0,0.0
0.0,0,0,0.0,Georgia,GE,2020-02-07,38,0,0,0.0,0.0,0.0,2020-04-10T18:19:54.947,0.0,0,0,0.0,0,0,0.0,0.0,https://github.com/CSSEGISandData/COVID-19,0,0,0.0
0.0,0,0,0.0,Georgia,GE,2020-02-08,39,0,0,0.0,0.0,0.0,2020-04-10T18:19:55.491,0.0,0,0,0.0,0,0,0.0,0.0,https://github.com/CSSEGISandData/COVID-19,0,0,0.0
0.0,0,0,0.0,Georgia,GE,2020-02-09,40,0,0,0.0,0.0,0.0,2020-04-10T18:19:56.065,0.0,0,0,0.0,0,0,0.0,0.0,https://github.com/CSSEGISandData/COVID-19,0,0,0.0
0.0,0,0,0.0,Georgia,GE,2020-02-10,41,0,0,0.0,0.0,0.0,2020-04-10T18:19:56.631,0.0,0,0,0.0,0,0,0.0,0.0,https://github.com/CSSEGISandData/COVID-19,0,0,0.0
0.0,0,0,0.0,Georgia,GE,2020-02-11,42,0,0,0.0,0.0,0.0,2020-04-10T18:19:57.180,0.0,0,0,0.0,0,0,0.0,0.0,https://github.com/CSSEGISandData/COVID-19,0,0,0.0
0.0,0,0,0.0,Georgia,GE,2020-02-12,43,0,0,0.0,0.0,0.0,2020-04-10T18:19:57.978,0.0,0,0,0.0,0,0,0.0,0.0,https://github.com/CSSEGISandData/COVID-19,0,0,0.0
0.0,0,0,0.0,Georgia,GE,2020-02-13,44,0,0,0.0,0.0,0.0,2020-04-10T18:19:58.542,0.0,0,0,0.0,0,0,0.0,0.0,https://github.com/CSSEGISandData/COVID-19,0,0,0.0
0.0,0,0,0.0,Georgia,GE,2020-02-14,45,0,0,0.0,0.0,0.0,2020-04-10T18:19:59.135,0.0,0,0,0.0,0,0,0.0,0.0,https://github.com/CSSEGISandData/COVID-19,0,0,0.0
0.0,0,0,0.0,Georgia,GE,2020-02-15,46,0,0,0.0,0.0,0.0,2020-04-10T18:19:59.698,0.0,0,0,0.0,0,0,0.0,0.0,https://github.com/CSSEGISandData/COVID-19,0,0,0.0
0.0,0,0,0.0,Georgia,GE,2020-02-16,47,0,0,0.0,0.0,0.0,2020-04-10T18:20:00.276,0.0,0,0,0.0,0,0,0.0,0.0,https://github.com/CSSEGISandData/COVID-19,0,0,0.0
0.0,0,0,0.0,Georgia,GE,2020-02-17,48,0,0,0.0,0.0,0.0,2020-04-10T18:20:01.153,0.0,0,0,0.0,0,0,0.0,0.0,https://github.com/CSSEGISandData/COVID-19,0,0,0.0
0.0,0,0,0.0,Georgia,GE,2020-02-18,49,0,0,0.0,0.0,0.0,2020-04-10T18:20:01.716,0.0,0,0,0.0,0,0,0.0,0.0,https://github.com/CSSEGISandData/COVID-19,0,0,0.0
0.0,0,0,0.0,Georgia,GE,2020-02-19,50,0,0,0.0,0.0,0.0,2020-04-10T18:20:02.512,0.0,0,0,0.0,0,0,0.0,0.0,https://github.com/CSSEGISandData/COVID-19,0,0,0.0
0.0,0,0,0.0,Georgia,GE,2020-02-20,51,0,0,0.0,0.0,0.0,2020-04-10T18:20:03.082,0.0,0,0,0.0,0,0,0.0,0.0,https://github.com/CSSEGISandData/COVID-19,0,0,0.0
0.0,0,0,0.0,Georgia,GE,2020-02-21,52,0,0,0.0,0.0,0.0,2020-04-10T18:20:03.898,0.0,0,0,0.0,0,0,0.0,0.0,https://github.com/CSSEGISandData/COVID-19,0,0,0.0
0.0,0,0,0.0,Georgia,GE,2020-02-22,53,0,0,0.0,0.0,0.0,2020-04-10T18:20:04.690,0.0,0,0,0.0,0,0,0.0,0.0,https://github.com/CSSEGISandData/COVID-19,0,0,0.0
0.0,0,0,0.0,Georgia,GE,2020-02-23,54,0,0,0.0,0.0,0.0,2020-04-10T18:20:05.298,0.0,0,0,0.0,0,0,0.0,0.0,https://github.com/CSSEGISandData/COVID-19,0,0,0.0
0.0,0,0,0.0,Georgia,GE,2020-02-24,55,0,0,0.0,0.0,0.0,2020-04-10T18:20:05.884,0.0,0,0,0.0,0,0,0.0,0.0,https://github.com/CSSEGISandData/COVID-19,0,0,0.0
0.0,0,0,0.0,Georgia,GE,2020-02-25,56,0,0,0.0,0.0,0.0,2020-04-10T18:20:06.477,0.0,0,0,0.0,0,0,0.0,0.0,https://github.com/CSSEGISandData/COVID-19,0,0,0.0
0.0,1,0,0.0,Georgia,GE,2020-02-26,57,0,0,0.0,0.0,0.0,2020-04-10T18:20:07.046,0.025067890113399615,1,0,0.0,0,0,0.0,0.0,https://github.com/CSSEGISandData/COVID-19,0,0,0.0
0.0,1,0,1.0,Georgia,GE,2020-02-27,58,0,0,0.0,0.0,0.0,2020-04-10T18:20:07.605,0.025067890113399615,1,0,1.0,0,0,0.0,0.0,https://github.com/CSSEGISandData/COVID-19,0,0,0.0
0.0,1,0,1.0,Georgia,GE,2020-02-28,59,0,0,0.0,0.0,0.0,2020-04-10T18:20:08.151,0.025067890113399615,1,0,1.0,0,0,0.0,0.0,https://github.com/CSSEGISandData/COVID-19,0,0,0.0
0.0,1,0,1.0,Georgia,GE,2020-02-29,60,0,0,0.0,0.0,0.0,2020-04-10T18:20:08.726,0.025067890113399615,1,0,1.0,0,0,0.0,0.0,https://github.com/CSSEGISandData/COVID-19,0,0,0.0
0.0,3,2,3.0,Georgia,GE,2020-03-01,61,0,0,0.0,0.6309297535714574,0.0,2020-04-10T18:20:09.647,0.07520367034019884,3,2,3.0,0,0,0.0,0.0,https://github.com/CSSEGISandData/COVID-19,0,0,0.0
0.0,3,0,1.0,Georgia,GE,2020-03-02,62,0,0,0.0,0.0,0.0,2020-04-10T18:20:10.275,0.07520367034019884,3,0,1.0,0,0,0.0,0.0,https://github.com/CSSEGISandData/COVID-19,0,0,0.0
0.0,3,0,1.0,Georgia,GE,2020-03-03,63,0,0,0.0,0.0,0.0,2020-04-10T18:20:10.861,0.07520367034019884,3,0,1.0,0,0,0.0,0.0,https://github.com/CSSEGISandData/COVID-19,0,0,0.0
0.0,3,0,1.0,Georgia,GE,2020-03-04,64,0,0,0.0,0.0,0.0,2020-04-10T18:20:11.405,0.07520367034019884,3,0,1.0,0,0,0.0,0.0,https://github.com/CSSEGISandData/COVID-19,0,0,0.0
0.0,4,1,1.3333333333333333,Georgia,GE,2020-03-05,65,0,0,0.0,2.4094208396532095,0.0,2020-04-10T18:20:12.002,0.10027156045359846,4,1,1.3333333333333333,0,0,0.0,0.0,https://github.com/CSSEGISandData/COVID-19,0,0,0.0
0.0,4,0,1.0,Georgia,GE,2020-03-06,66,0,0,0.0,0.0,0.0,2020-04-10T18:20:12.584,0.10027156045359846,4,0,1.0,0,0,0.0,0.0,https://github.com/CSSEGISandData/COVID-19,0,0,0.0
0.0,4,0,1.0,Georgia,GE,2020-03-07,67,0,0,0.0,0.0,0.0,2020-04-10T18:20:13.164,0.10027156045359846,4,0,1.0,0,0,0.0,0.0,https://github.com/CSSEGISandData/COVID-19,0,0,0.0
0.0,13,9,3.25,Georgia,GE,2020-03-08,68,0,0,0.0,0.5880831818567449,0.0,2020-04-10T18:20:14.083,0.325882571474195,13,9,3.25,0,0,0.0,0.0,https://github.com/CSSEGISandData/COVID-19,0,0,0.0
0.0,15,2,1.1538461538461537,Georgia,GE,2020-03-09,69,0,0,0.0,4.8437672547929935,0.0,2020-04-10T18:20:14.634,0.37601835170099424,15,2,1.1538461538461537,0,0,0.0,0.0,https://github.com/CSSEGISandData/COVID-19,0,0,0.0
0.0,15,0,1.0,Georgia,GE,2020-03-10,70,0,0,0.0,0.0,0.0,2020-04-10T18:20:15.233,0.37601835170099424,15,0,1.0,0,0,0.0,0.0,https://github.com/CSSEGISandData/COVID-19,0,0,0.0
0.0,24,9,1.6,Georgia,GE,2020-03-11,71,0,0,0.0,1.4747698473569484,0.0,2020-04-10T18:20:15.750,0.6016293627215907,24,9,1.6,0,0,0.0,0.0,https://github.com/CSSEGISandData/COVID-19,0,0,0.0
0.0,24,0,1.0,Georgia,GE,2020-03-12,72,0,0,0.0,0.0,0.0,2020-04-10T18:20:16.529,0.6016293627215907,24,0,1.0,0,0,0.0,0.0,https://github.com/CSSEGISandData/COVID-19,0,0,0.0
0.0,25,1,1.0416666666666667,Georgia,GE,2020-03-13,73,0,0,0.0,16.979748018338913,0.0,2020-04-10T18:20:17.076,0.6266972528349904,25,1,1.0416666666666667,0,0,0.0,0.0,https://github.com/CSSEGISandData/COVID-19,0,0,0.0
0.0,30,5,1.2,Georgia,GE,2020-03-14,74,0,0,0.0,3.8017840169239308,0.0,2020-04-10T18:20:17.661,0.7520367034019885,30,5,1.2,0,0,0.0,0.0,https://github.com/CSSEGISandData/COVID-19,0,0,0.0
0.0,33,3,1.1,Georgia,GE,2020-03-15,75,0,0,0.0,7.272540897341713,0.0,2020-04-10T18:20:18.560,0.8272403737421873,33,3,1.1,0,0,0.0,0.0,https://github.com/CSSEGISandData/COVID-19,0,0,0.0
0.0,33,0,1.0,Georgia,GE,2020-03-16,76,0,0,0.0,0.0,2.5067890113399617E-7,2020-04-10T18:20:19.153,0.8272403737421873,32,-1,0.9696969696969697,1,0,0.0,0.030303030303030304,https://github.com/CSSEGISandData/COVID-19,0,0,0.0
0.0,34,1,1.0303030303030303,Georgia,GE,2020-03-17,77,0,0,0.0,23.21870619960046,2.5067890113399617E-7,2020-04-10T18:20:20.099,0.8523082638555869,33,1,1.03125,1,0,1.0,0.029411764705882353,https://github.com/CSSEGISandData/COVID-19,0,0,0.0
0.0,38,4,1.1176470588235294,Georgia,GE,2020-03-18,78,0,0,0.0,6.231901304704061,2.5067890113399617E-7,2020-04-10T18:20:21.333,0.9525798243091854,37,4,1.121212121212121,1,0,1.0,0.02631578947368421,https://github.com/CSSEGISandData/COVID-19,0,0,0.0
0.0,40,2,1.0526315789473684,Georgia,GE,2020-03-19,79,0,0,0.0,13.5134073339649,2.5067890113399617E-7,2020-04-10T18:20:21.900,1.0027156045359846,39,2,1.054054054054054,1,0,1.0,0.025,https://github.com/CSSEGISandData/COVID-19,0,0,0.0
0.0,43,3,1.075,Georgia,GE,2020-03-20,80,0,0,0.0,9.584358956627911,2.5067890113399617E-7,2020-04-10T18:20:22.472,1.0779192748761834,42,3,1.0769230769230769,1,0,1.0,0.023255813953488372,https://github.com/CSSEGISandData/COVID-19,0,0,0.0
0.0,49,6,1.1395348837209303,Georgia,GE,2020-03-21,81,0,0,0.0,5.306585611301309,2.5067890113399617E-7,2020-04-10T18:20:23.271,1.228326615556581,48,6,1.1428571428571428,1,0,1.0,0.02040816326530612,https://github.com/CSSEGISandData/COVID-19,0,0,0.0
0.0,54,5,1.1020408163265305,Georgia,GE,2020-03-22,82,0,0,0.0,7.13380444446947,2.5067890113399617E-7,2020-04-10T18:20:23.898,1.3536660661235793,53,5,1.1041666666666667,1,0,1.0,0.018518518518518517,https://github.com/CSSEGISandData/COVID-19,0,0,0.0
0.0,61,7,1.1296296296296295,Georgia,GE,2020-03-23,83,0,0,0.0,5.686670093996072,2.0054312090719693E-6,2020-04-10T18:20:24.536,1.5291412969173765,53,0,1.0,8,7,8.0,0.13114754098360656,https://github.com/CSSEGISandData/COVID-19,0,0,0.0
0.0,70,9,1.1475409836065573,Georgia,GE,2020-03-24,84,0,0,0.0,5.036624333061441,2.2561101102059653E-6,2020-04-10T18:20:25.182,1.7547523079379732,61,8,1.150943396226415,9,1,1.125,0.12857142857142856,https://github.com/CSSEGISandData/COVID-19,0,0,0.0
0.0,75,5,1.0714285714285714,Georgia,GE,2020-03-25,85,0,0,0.0,10.04664924971328,2.5067890113399613E-6,2020-04-10T18:20:25.785,1.8800917585049712,65,4,1.0655737704918034,10,1,1.1111111111111112,0.13333333333333333,https://github.com/CSSEGISandData/COVID-19,0,0,0.0
0.0,79,4,1.0533333333333332,Georgia,GE,2020-03-26,86,0,0,0.0,13.340082048608188,2.7574679124739576E-6,2020-04-10T18:20:26.390,1.9803633189585697,68,3,1.0461538461538462,11,1,1.1,0.13924050632911392,https://github.com/CSSEGISandData/COVID-19,0,0,0.0
0.0,83,4,1.0506329113924051,Georgia,GE,2020-03-27,87,0,0,0.0,14.033377484914016,3.509504615875946E-6,2020-04-10T18:20:27.219,2.0806348794121683,69,1,1.0147058823529411,14,3,1.2727272727272727,0.1686746987951807,https://github.com/CSSEGISandData/COVID-19,0,0,0.0
0.0,90,7,1.0843373493975903,Georgia,GE,2020-03-28,88,0,0,0.0,8.560642285709228,3.509504615875946E-6,2020-04-10T18:20:28.134,2.2561101102059653,76,7,1.1014492753623188,14,0,1.0,0.15555555555555556,https://github.com/CSSEGISandData/COVID-19,0,0,0.0
0.0,91,1,1.011111111111111,Georgia,GE,2020-03-29,89,0,0,0.0,62.72918157840759,4.512220220411931E-6,2020-04-10T18:20:29.060,2.281178000319365,73,-3,0.9605263157894737,18,4,1.2857142857142858,0.1978021978021978,https://github.com/CSSEGISandData/COVID-19,0,0,0.0
0.0,103,12,1.1318681318681318,Georgia,GE,2020-03-30,90,0,0,0.0,5.595786556749589,5.0135780226799225E-6,2020-04-10T18:20:29.977,2.5819926816801604,83,10,1.1369863013698631,20,2,1.1111111111111112,0.1941747572815534,https://github.com/CSSEGISandData/COVID-19,0,0,0.0
0.0,110,7,1.0679611650485437,Georgia,GE,2020-03-31,91,0,0,0.0,10.541941572222083,5.264256923813919E-6,2020-04-10T18:20:30.887,2.757467912473958,89,6,1.072289156626506,21,1,1.05,0.19090909090909092,https://github.com/CSSEGISandData/COVID-19,0,0,0.0
0.0,117,7,1.0636363636363637,Georgia,GE,2020-04-01,92,0,0,0.0,11.235323093399721,5.765614726081911E-6,2020-04-10T18:20:31.901,2.932943143267755,94,5,1.0561797752808988,23,2,1.0952380952380953,0.19658119658119658,https://github.com/CSSEGISandData/COVID-19,0,0,0.0
0.0,134,17,1.1452991452991452,Georgia,GE,2020-04-02,93,0,0,0.0,5.109223162196631,6.5176514294839E-6,2020-04-10T18:20:32.752,3.3590972751955483,108,14,1.148936170212766,26,3,1.1304347826086956,0.19402985074626866,https://github.com/CSSEGISandData/COVID-19,0,0,0.0
0.0,155,21,1.1567164179104477,Georgia,GE,2020-04-03,94,0,0,0.0,4.7611063738708275,7.019009231751892E-6,2020-04-10T18:20:33.748,3.8855229675769403,127,19,1.1759259259259258,28,2,1.0769230769230769,0.18064516129032257,https://github.com/CSSEGISandData/COVID-19,0,0,0.0
0.006172839506172839,162,7,1.0451612903225806,Georgia,GE,2020-04-04,95,1,0,0.0,15.692281241737644,9.024440440823861E-6,2020-04-10T18:20:34.759,4.060998198370738,125,-2,0.984251968503937,36,8,1.2857142857142858,0.2222222222222222,https://github.com/CSSEGISandData/COVID-19,0,0,0.0
0.011494252873563218,174,12,1.0740740740740742,Georgia,GE,2020-04-05,96,2,1,2.0,9.699933247466856,9.024440440823861E-6,2020-04-10T18:20:35.389,4.361812879731533,136,11,1.088,36,0,1.0,0.20689655172413793,https://github.com/CSSEGISandData/COVID-19,0,0,0.0
0.010638297872340425,188,14,1.0804597701149425,Georgia,GE,2020-04-06,97,2,0,1.0,8.95693325150443,9.776477144225849E-6,2020-04-11T12:17:16.987,4.712763341319127,147,11,1.0808823529411764,39,3,1.0833333333333333,0.2074468085106383,https://github.com/CSSEGISandData/COVID-19,0,0,0.0
0.015306122448979591,196,8,1.0425531914893618,Georgia,GE,2020-04-07,98,3,1,1.5,16.6331252937714,1.1531229452163822E-5,2020-04-11T12:17:19.460,4.913306462226324,147,0,1.0,46,7,1.1794871794871795,0.23469387755102042,https://github.com/CSSEGISandData/COVID-19,0,0,0.0
0.014218009478672985,211,15,1.0765306122448979,Georgia,GE,2020-04-08,99,3,0,1.0,9.399437545509736,1.2533945056699808E-5,2020-04-11T12:17:20.793,5.289324813927319,158,11,1.0748299319727892,50,4,1.0869565217391304,0.23696682464454977,https://github.com/CSSEGISandData/COVID-19,0,0,0.0
0.013761467889908258,218,7,1.033175355450237,Georgia,GE,2020-04-09,100,3,0,1.0,21.238124883377775,1.2784623957833804E-5,2020-04-11T12:17:21.821,5.464800044721116,164,6,1.0379746835443038,51,1,1.02,0.23394495412844038,https://github.com/CSSEGISandData/COVID-19,0,0,0.0
0.01282051282051282,234,16,1.073394495412844,Georgia,GE,2020-04-10,101,3,0,1.0,9.786613194183907,1.3536660661235792E-5,2020-04-11T12:17:22.498,5.86588628653551,177,13,1.079268292682927,54,3,1.0588235294117647,0.23076923076923078,https://github.com/CSSEGISandData/COVID-19,0,0,0.0
