caseFatalityRisk,confirmed,confirmedDelta,confirmedGrowthRate,country,countryCode,dateId,dayId,deceased,deceasedDelta,deceasedGrowthRate,doublingTime,immunizationRate,importDate,incidencePer100k,recovered,recoveredDelta,recoveredGrowthRate,recoveryRate,source
,0,,,Greece,GR,2020-01-22,22,0,,,,0.0,2020-04-08T07:39:55.345,0.0,0,,,,https://github.com/CSSEGISandData/COVID-19
,0,,,Greece,GR,2020-01-23,23,0,,,,0.0,2020-04-08T07:39:57.119,0.0,0,,,,https://github.com/CSSEGISandData/COVID-19
,0,,,Greece,GR,2020-01-24,24,0,,,,0.0,2020-04-08T07:39:58.149,0.0,0,,,,https://github.com/CSSEGISandData/COVID-19
,0,,,Greece,GR,2020-01-25,25,0,,,,0.0,2020-04-08T07:39:59.170,0.0,0,,,,https://github.com/CSSEGISandData/COVID-19
,0,,,Greece,GR,2020-01-26,26,0,,,,0.0,2020-04-08T07:40:00.090,0.0,0,,,,https://github.com/CSSEGISandData/COVID-19
,0,,,Greece,GR,2020-01-27,27,0,,,,0.0,2020-04-08T07:40:01.015,0.0,0,,,,https://github.com/CSSEGISandData/COVID-19
,0,,,Greece,GR,2020-01-28,28,0,,,,0.0,2020-04-08T07:40:01.832,0.0,0,,,,https://github.com/CSSEGISandData/COVID-19
,0,,,Greece,GR,2020-01-29,29,0,,,,0.0,2020-04-08T07:40:02.753,0.0,0,,,,https://github.com/CSSEGISandData/COVID-19
,0,,,Greece,GR,2020-01-30,30,0,,,,0.0,2020-04-08T07:40:03.536,0.0,0,,,,https://github.com/CSSEGISandData/COVID-19
,0,,,Greece,GR,2020-01-31,31,0,,,,0.0,2020-04-08T07:40:04.394,0.0,0,,,,https://github.com/CSSEGISandData/COVID-19
,0,,,Greece,GR,2020-02-01,32,0,,,,0.0,2020-04-08T07:40:05.264,0.0,0,,,,https://github.com/CSSEGISandData/COVID-19
,0,,,Greece,GR,2020-02-02,33,0,,,,0.0,2020-04-08T07:40:06.132,0.0,0,,,,https://github.com/CSSEGISandData/COVID-19
,0,,,Greece,GR,2020-02-03,34,0,,,,0.0,2020-04-08T07:40:06.906,0.0,0,,,,https://github.com/CSSEGISandData/COVID-19
,0,,,Greece,GR,2020-02-04,35,0,,,,0.0,2020-04-08T07:40:07.635,0.0,0,,,,https://github.com/CSSEGISandData/COVID-19
,0,,,Greece,GR,2020-02-05,36,0,,,,0.0,2020-04-08T07:40:08.446,0.0,0,,,,https://github.com/CSSEGISandData/COVID-19
,0,,,Greece,GR,2020-02-06,37,0,,,,0.0,2020-04-08T07:40:09.252,0.0,0,,,,https://github.com/CSSEGISandData/COVID-19
,0,,,Greece,GR,2020-02-07,38,0,,,,0.0,2020-04-08T07:40:10.023,0.0,0,,,,https://github.com/CSSEGISandData/COVID-19
,0,,,Greece,GR,2020-02-08,39,0,,,,0.0,2020-04-08T07:40:10.841,0.0,0,,,,https://github.com/CSSEGISandData/COVID-19
,0,,,Greece,GR,2020-02-09,40,0,,,,0.0,2020-04-08T07:40:11.870,0.0,0,,,,https://github.com/CSSEGISandData/COVID-19
,0,,,Greece,GR,2020-02-10,41,0,,,,0.0,2020-04-08T07:40:12.687,0.0,0,,,,https://github.com/CSSEGISandData/COVID-19
,0,,,Greece,GR,2020-02-11,42,0,,,,0.0,2020-04-08T07:40:13.455,0.0,0,,,,https://github.com/CSSEGISandData/COVID-19
,0,,,Greece,GR,2020-02-12,43,0,,,,0.0,2020-04-08T07:40:14.289,0.0,0,,,,https://github.com/CSSEGISandData/COVID-19
,0,,,Greece,GR,2020-02-13,44,0,,,,0.0,2020-04-08T07:40:15.250,0.0,0,,,,https://github.com/CSSEGISandData/COVID-19
,0,,,Greece,GR,2020-02-14,45,0,,,,0.0,2020-04-08T07:40:16.072,0.0,0,,,,https://github.com/CSSEGISandData/COVID-19
,0,,,Greece,GR,2020-02-15,46,0,,,,0.0,2020-04-08T07:40:16.927,0.0,0,,,,https://github.com/CSSEGISandData/COVID-19
,0,,,Greece,GR,2020-02-16,47,0,,,,0.0,2020-04-08T07:40:17.707,0.0,0,,,,https://github.com/CSSEGISandData/COVID-19
,0,,,Greece,GR,2020-02-17,48,0,,,,0.0,2020-04-08T07:40:18.489,0.0,0,,,,https://github.com/CSSEGISandData/COVID-19
,0,,,Greece,GR,2020-02-18,49,0,,,,0.0,2020-04-08T07:40:19.352,0.0,0,,,,https://github.com/CSSEGISandData/COVID-19
,0,,,Greece,GR,2020-02-19,50,0,,,,0.0,2020-04-08T07:40:20.126,0.0,0,,,,https://github.com/CSSEGISandData/COVID-19
,0,,,Greece,GR,2020-02-20,51,0,,,,0.0,2020-04-08T07:40:20.880,0.0,0,,,,https://github.com/CSSEGISandData/COVID-19
,0,,,Greece,GR,2020-02-21,52,0,,,,0.0,2020-04-08T07:40:21.727,0.0,0,,,,https://github.com/CSSEGISandData/COVID-19
,0,,,Greece,GR,2020-02-22,53,0,,,,0.0,2020-04-08T07:40:22.498,0.0,0,,,,https://github.com/CSSEGISandData/COVID-19
,0,,,Greece,GR,2020-02-23,54,0,,,,0.0,2020-04-08T07:40:23.350,0.0,0,,,,https://github.com/CSSEGISandData/COVID-19
,0,,,Greece,GR,2020-02-24,55,0,,,,0.0,2020-04-08T07:40:24.128,0.0,0,,,,https://github.com/CSSEGISandData/COVID-19
,0,,,Greece,GR,2020-02-25,56,0,,,,0.0,2020-04-08T07:40:25.196,0.0,0,,,,https://github.com/CSSEGISandData/COVID-19
,1,0,0.0,Greece,GR,2020-02-26,57,0,0,0.0,-0.0,0.0,2020-04-08T07:40:26.014,0.00959411704093637,0,0,0.0,,https://github.com/CSSEGISandData/COVID-19
,3,2,3.0,Greece,GR,2020-02-27,58,0,0,0.0,0.6309297535714574,0.0,2020-04-08T07:40:26.811,0.02878235112280911,0,0,0.0,,https://github.com/CSSEGISandData/COVID-19
,4,1,1.3333333333333333,Greece,GR,2020-02-28,59,0,0,0.0,2.4094208396532095,0.0,2020-04-08T07:40:27.651,0.03837646816374548,0,0,0.0,,https://github.com/CSSEGISandData/COVID-19
,4,0,1.0,Greece,GR,2020-02-29,60,0,0,0.0,,0.0,2020-04-08T07:40:28.413,0.03837646816374548,0,0,0.0,,https://github.com/CSSEGISandData/COVID-19
,7,3,1.75,Greece,GR,2020-03-01,61,0,0,0.0,1.2386126258466668,0.0,2020-04-08T07:40:29.174,0.0671588192865546,0,0,0.0,,https://github.com/CSSEGISandData/COVID-19
,7,0,1.0,Greece,GR,2020-03-02,62,0,0,0.0,,0.0,2020-04-08T07:40:29.998,0.0671588192865546,0,0,0.0,,https://github.com/CSSEGISandData/COVID-19
,7,0,1.0,Greece,GR,2020-03-03,63,0,0,0.0,,0.0,2020-04-08T07:40:30.770,0.0671588192865546,0,0,0.0,,https://github.com/CSSEGISandData/COVID-19
,9,2,1.2857142857142858,Greece,GR,2020-03-04,64,0,0,0.0,2.758087489450393,0.0,2020-04-08T07:40:31.536,0.08634705336842732,0,0,0.0,,https://github.com/CSSEGISandData/COVID-19
,31,22,3.4444444444444446,Greece,GR,2020-03-05,65,0,0,0.0,0.5604528834751721,0.0,2020-04-08T07:40:32.318,0.29741762826902746,0,0,0.0,,https://github.com/CSSEGISandData/COVID-19
,45,14,1.4516129032258065,Greece,GR,2020-03-06,66,0,0,0.0,1.859922586574381,0.0,2020-04-08T07:40:33.182,0.43173526684213664,0,0,0.0,,https://github.com/CSSEGISandData/COVID-19
,46,1,1.0222222222222221,Greece,GR,2020-03-07,67,0,0,0.0,31.536927174263596,0.0,2020-04-08T07:40:34.004,0.441329383883073,0,0,0.0,,https://github.com/CSSEGISandData/COVID-19
,73,27,1.5869565217391304,Greece,GR,2020-03-08,68,0,0,0.0,1.500909695010534,0.0,2020-04-08T07:40:35.056,0.700370543988355,0,0,0.0,,https://github.com/CSSEGISandData/COVID-19
,73,0,1.0,Greece,GR,2020-03-09,69,0,0,0.0,,0.0,2020-04-08T07:40:35.855,0.700370543988355,0,0,0.0,,https://github.com/CSSEGISandData/COVID-19
,89,16,1.2191780821917808,Greece,GR,2020-03-10,70,0,0,0.0,3.497617939249797,0.0,2020-04-08T07:40:36.668,0.8538764166433369,0,0,0.0,,https://github.com/CSSEGISandData/COVID-19
0.010101010101010102,99,10,1.1123595505617978,Greece,GR,2020-03-11,71,1,0,0.0,6.509433932289053,0.0,2020-04-08T07:40:37.487,0.9498175870527006,0,0,0.0,,https://github.com/CSSEGISandData/COVID-19
0.010101010101010102,99,0,1.0,Greece,GR,2020-03-12,72,1,0,1.0,,0.0,2020-04-08T07:40:38.406,0.9498175870527006,0,0,0.0,,https://github.com/CSSEGISandData/COVID-19
0.005263157894736842,190,91,1.9191919191919191,Greece,GR,2020-03-13,73,1,0,1.0,1.0632653649732167,0.0,2020-04-08T07:40:39.229,1.8228822377779104,0,0,0.0,,https://github.com/CSSEGISandData/COVID-19
0.013157894736842105,228,38,1.2,Greece,GR,2020-03-14,74,3,2,3.0,3.8017840169239308,7.675293632749097E-7,2020-04-08T07:40:40.048,2.1874586853334925,8,0,0.0,0.03508771929824561,https://github.com/CSSEGISandData/COVID-19
0.012084592145015106,331,103,1.4517543859649122,Greece,GR,2020-03-15,75,4,1,1.3333333333333333,1.8594363112964982,7.675293632749097E-7,2020-04-08T07:40:40.843,3.1756527405499386,8,0,1.0,0.02416918429003021,https://github.com/CSSEGISandData/COVID-19
0.012084592145015106,331,0,1.0,Greece,GR,2020-03-16,76,4,0,1.0,,7.675293632749097E-7,2020-04-08T07:40:41.688,3.1756527405499386,8,0,1.0,0.02416918429003021,https://github.com/CSSEGISandData/COVID-19
0.012919896640826873,387,56,1.1691842900302114,Greece,GR,2020-03-17,77,5,1,1.25,4.43454359983055,7.675293632749097E-7,2020-04-08T07:40:42.236,3.7129232948423754,8,0,1.0,0.020671834625323,https://github.com/CSSEGISandData/COVID-19
0.011961722488038277,418,31,1.0801033591731266,Greece,GR,2020-03-18,78,5,0,1.0,8.995283022650485,7.675293632749097E-7,2020-04-08T07:40:43.241,4.010340923111403,8,0,1.0,0.019138755980861243,https://github.com/CSSEGISandData/COVID-19
0.014354066985645933,418,0,1.0,Greece,GR,2020-03-19,79,6,1,1.2,,7.675293632749097E-7,2020-04-08T07:40:44.043,4.010340923111403,8,0,1.0,0.019138755980861243,https://github.com/CSSEGISandData/COVID-19
0.012121212121212121,495,77,1.1842105263157894,Greece,GR,2020-03-20,80,6,0,1.0,4.099610988598069,1.8228822377779104E-6,2020-04-08T07:40:44.944,4.749087935263503,19,11,2.375,0.03838383838383838,https://github.com/CSSEGISandData/COVID-19
0.024528301886792454,530,35,1.0707070707070707,Greece,GR,2020-03-21,81,13,7,2.1666666666666665,10.145709176589467,1.8228822377779104E-6,2020-04-08T07:40:45.736,5.084882031696276,19,0,1.0,0.035849056603773584,https://github.com/CSSEGISandData/COVID-19
0.02403846153846154,624,94,1.1773584905660377,Greece,GR,2020-03-22,82,15,2,1.1538461538461537,4.245317012032019,1.8228822377779104E-6,2020-04-08T07:40:46.774,5.986729033544295,19,0,1.0,0.030448717948717948,https://github.com/CSSEGISandData/COVID-19
0.02446043165467626,695,71,1.1137820512820513,Greece,GR,2020-03-23,83,17,2,1.1333333333333333,6.432235327503119,2.7822939418715473E-6,2020-04-08T07:40:48.320,6.667911343450777,29,10,1.5263157894736843,0.041726618705035974,https://github.com/CSSEGISandData/COVID-19
0.026917900403768506,743,48,1.0690647482014388,Greece,GR,2020-03-24,84,20,3,1.1764705882352942,10.378909822251735,2.7822939418715473E-6,2020-04-08T07:40:49.148,7.128428961415723,29,0,1.0,0.039030955585464336,https://github.com/CSSEGISandData/COVID-19
0.02679658952496955,821,78,1.1049798115746972,Greece,GR,2020-03-25,85,22,2,1.1,6.943479530348462,3.4538821347370934E-6,2020-04-08T07:40:50.646,7.87677009060876,36,7,1.2413793103448276,0.0438489646772229,https://github.com/CSSEGISandData/COVID-19
0.02914798206278027,892,71,1.0864799025578562,Greece,GR,2020-03-26,86,26,4,1.1818181818181819,8.356907602629361,3.4538821347370934E-6,2020-04-08T07:40:51.528,8.557952400515243,36,0,1.0,0.04035874439461883,https://github.com/CSSEGISandData/COVID-19
0.028985507246376812,966,74,1.0829596412556053,Greece,GR,2020-03-27,87,28,2,1.0769230769230769,8.697204139663821,4.988940861286913E-6,2020-04-08T07:40:52.802,9.267917061544534,52,16,1.4444444444444444,0.053830227743271224,https://github.com/CSSEGISandData/COVID-19
0.030160226201696512,1061,95,1.098343685300207,Greece,GR,2020-03-28,88,32,4,1.1428571428571428,7.389368476758251,4.988940861286913E-6,2020-04-08T07:40:54.438,10.17935818043349,52,0,1.0,0.049010367577756835,https://github.com/CSSEGISandData/COVID-19
0.0328719723183391,1156,95,1.0895381715362866,Greece,GR,2020-03-29,89,38,6,1.1875,8.082980421090038,4.988940861286913E-6,2020-04-08T07:40:55.410,11.090799299322443,52,0,1.0,0.04498269896193772,https://github.com/CSSEGISandData/COVID-19
0.03547854785478548,1212,56,1.0484429065743945,Greece,GR,2020-03-30,90,43,5,1.131578947368421,14.652379410972856,4.988940861286913E-6,2020-04-08T07:40:57.096,11.62806985361488,52,0,1.0,0.0429042904290429,https://github.com/CSSEGISandData/COVID-19
0.03729071537290715,1314,102,1.0841584158415842,Greece,GR,2020-03-31,91,49,6,1.1395348837209303,8.578126113774653,4.988940861286913E-6,2020-04-08T07:40:58.550,12.60666979179039,52,0,1.0,0.0395738203957382,https://github.com/CSSEGISandData/COVID-19
0.0353356890459364,1415,101,1.0768645357686453,Greece,GR,2020-04-01,92,50,1,1.0204081632653061,9.360072667531398,4.988940861286913E-6,2020-04-08T07:41:00.053,13.575675612924963,52,0,1.0,0.03674911660777385,https://github.com/CSSEGISandData/COVID-19
0.03432642487046632,1544,129,1.091166077738516,Greece,GR,2020-04-02,93,53,3,1.06,7.944660700102141,5.852411394971186E-6,2020-04-08T07:41:01.541,14.813316711205756,61,9,1.1730769230769231,0.03950777202072539,https://github.com/CSSEGISandData/COVID-19
0.03905765654060756,1613,69,1.0446891191709844,Greece,GR,2020-04-03,94,63,10,1.1886792452830188,15.854472208626632,7.483411291930369E-6,2020-04-08T07:41:02.925,15.475310787030365,78,17,1.278688524590164,0.04835709857408556,https://github.com/CSSEGISandData/COVID-19
0.04064554692169755,1673,60,1.037197768133912,Greece,GR,2020-04-04,95,68,5,1.0793650793650793,18.9785707118104,7.483411291930369E-6,2020-04-08T07:41:03.848,16.050957809486547,78,0,1.0,0.04662283323371189,https://github.com/CSSEGISandData/COVID-19
0.04207492795389049,1735,62,1.0370591751344889,Greece,GR,2020-04-05,96,73,5,1.0735294117647058,19.048265807984265,7.483411291930369E-6,2020-04-08T07:41:04.868,16.645793066024602,78,0,1.0,0.044956772334293946,https://github.com/CSSEGISandData/COVID-19
0.045014245014245016,1755,20,1.0115273775216138,Greece,GR,2020-04-06,97,79,6,1.082191780821918,60.47642946636644,2.5808174840118838E-5,2020-04-08T07:41:05.696,16.837675406843328,269,191,3.448717948717949,0.15327635327635328,https://github.com/CSSEGISandData/COVID-19
