caseFatalityRisk,confirmed,confirmedDelta,confirmedGrowthRate,country,countryCode,dateId,dayId,deceased,deceasedDelta,deceasedGrowthRate,doublingTime,immunizationRate,importDate,incidencePer100k,recovered,recoveredDelta,recoveredGrowthRate,recoveryRate,source
,0,,,India,IN,2020-01-22,22,0,,,,0.0,2020-04-08T07:39:55.346,0.0,0,,,,https://github.com/CSSEGISandData/COVID-19
,0,,,India,IN,2020-01-23,23,0,,,,0.0,2020-04-08T07:39:57.120,0.0,0,,,,https://github.com/CSSEGISandData/COVID-19
,0,,,India,IN,2020-01-24,24,0,,,,0.0,2020-04-08T07:39:58.149,0.0,0,,,,https://github.com/CSSEGISandData/COVID-19
,0,,,India,IN,2020-01-25,25,0,,,,0.0,2020-04-08T07:39:59.170,0.0,0,,,,https://github.com/CSSEGISandData/COVID-19
,0,,,India,IN,2020-01-26,26,0,,,,0.0,2020-04-08T07:40:00.090,0.0,0,,,,https://github.com/CSSEGISandData/COVID-19
,0,,,India,IN,2020-01-27,27,0,,,,0.0,2020-04-08T07:40:01.015,0.0,0,,,,https://github.com/CSSEGISandData/COVID-19
,0,,,India,IN,2020-01-28,28,0,,,,0.0,2020-04-08T07:40:01.832,0.0,0,,,,https://github.com/CSSEGISandData/COVID-19
,0,,,India,IN,2020-01-29,29,0,,,,0.0,2020-04-08T07:40:02.753,0.0,0,,,,https://github.com/CSSEGISandData/COVID-19
,1,0,0.0,India,IN,2020-01-30,30,0,0,0.0,-0.0,0.0,2020-04-08T07:40:03.536,7.246353786042498E-5,0,0,0.0,,https://github.com/CSSEGISandData/COVID-19
,1,0,1.0,India,IN,2020-01-31,31,0,0,0.0,,0.0,2020-04-08T07:40:04.394,7.246353786042498E-5,0,0,0.0,,https://github.com/CSSEGISandData/COVID-19
,1,0,1.0,India,IN,2020-02-01,32,0,0,0.0,,0.0,2020-04-08T07:40:05.265,7.246353786042498E-5,0,0,0.0,,https://github.com/CSSEGISandData/COVID-19
,2,1,2.0,India,IN,2020-02-02,33,0,0,0.0,1.0,0.0,2020-04-08T07:40:06.132,1.4492707572084996E-4,0,0,0.0,,https://github.com/CSSEGISandData/COVID-19
,3,1,1.5,India,IN,2020-02-03,34,0,0,0.0,1.7095112913514547,0.0,2020-04-08T07:40:06.906,2.1739061358127496E-4,0,0,0.0,,https://github.com/CSSEGISandData/COVID-19
,3,0,1.0,India,IN,2020-02-04,35,0,0,0.0,,0.0,2020-04-08T07:40:07.635,2.1739061358127496E-4,0,0,0.0,,https://github.com/CSSEGISandData/COVID-19
,3,0,1.0,India,IN,2020-02-05,36,0,0,0.0,,0.0,2020-04-08T07:40:08.446,2.1739061358127496E-4,0,0,0.0,,https://github.com/CSSEGISandData/COVID-19
,3,0,1.0,India,IN,2020-02-06,37,0,0,0.0,,0.0,2020-04-08T07:40:09.252,2.1739061358127496E-4,0,0,0.0,,https://github.com/CSSEGISandData/COVID-19
,3,0,1.0,India,IN,2020-02-07,38,0,0,0.0,,0.0,2020-04-08T07:40:10.023,2.1739061358127496E-4,0,0,0.0,,https://github.com/CSSEGISandData/COVID-19
,3,0,1.0,India,IN,2020-02-08,39,0,0,0.0,,0.0,2020-04-08T07:40:10.841,2.1739061358127496E-4,0,0,0.0,,https://github.com/CSSEGISandData/COVID-19
,3,0,1.0,India,IN,2020-02-09,40,0,0,0.0,,0.0,2020-04-08T07:40:11.870,2.1739061358127496E-4,0,0,0.0,,https://github.com/CSSEGISandData/COVID-19
,3,0,1.0,India,IN,2020-02-10,41,0,0,0.0,,0.0,2020-04-08T07:40:12.688,2.1739061358127496E-4,0,0,0.0,,https://github.com/CSSEGISandData/COVID-19
,3,0,1.0,India,IN,2020-02-11,42,0,0,0.0,,0.0,2020-04-08T07:40:13.455,2.1739061358127496E-4,0,0,0.0,,https://github.com/CSSEGISandData/COVID-19
,3,0,1.0,India,IN,2020-02-12,43,0,0,0.0,,0.0,2020-04-08T07:40:14.289,2.1739061358127496E-4,0,0,0.0,,https://github.com/CSSEGISandData/COVID-19
,3,0,1.0,India,IN,2020-02-13,44,0,0,0.0,,0.0,2020-04-08T07:40:15.250,2.1739061358127496E-4,0,0,0.0,,https://github.com/CSSEGISandData/COVID-19
,3,0,1.0,India,IN,2020-02-14,45,0,0,0.0,,0.0,2020-04-08T07:40:16.072,2.1739061358127496E-4,0,0,0.0,,https://github.com/CSSEGISandData/COVID-19
,3,0,1.0,India,IN,2020-02-15,46,0,0,0.0,,0.0,2020-04-08T07:40:16.927,2.1739061358127496E-4,0,0,0.0,,https://github.com/CSSEGISandData/COVID-19
,3,0,1.0,India,IN,2020-02-16,47,0,0,0.0,,2.1739061358127495E-9,2020-04-08T07:40:17.707,2.1739061358127496E-4,3,0,0.0,1.0,https://github.com/CSSEGISandData/COVID-19
,3,0,1.0,India,IN,2020-02-17,48,0,0,0.0,,2.1739061358127495E-9,2020-04-08T07:40:18.489,2.1739061358127496E-4,3,0,1.0,1.0,https://github.com/CSSEGISandData/COVID-19
,3,0,1.0,India,IN,2020-02-18,49,0,0,0.0,,2.1739061358127495E-9,2020-04-08T07:40:19.352,2.1739061358127496E-4,3,0,1.0,1.0,https://github.com/CSSEGISandData/COVID-19
,3,0,1.0,India,IN,2020-02-19,50,0,0,0.0,,2.1739061358127495E-9,2020-04-08T07:40:20.126,2.1739061358127496E-4,3,0,1.0,1.0,https://github.com/CSSEGISandData/COVID-19
,3,0,1.0,India,IN,2020-02-20,51,0,0,0.0,,2.1739061358127495E-9,2020-04-08T07:40:20.880,2.1739061358127496E-4,3,0,1.0,1.0,https://github.com/CSSEGISandData/COVID-19
,3,0,1.0,India,IN,2020-02-21,52,0,0,0.0,,2.1739061358127495E-9,2020-04-08T07:40:21.727,2.1739061358127496E-4,3,0,1.0,1.0,https://github.com/CSSEGISandData/COVID-19
,3,0,1.0,India,IN,2020-02-22,53,0,0,0.0,,2.1739061358127495E-9,2020-04-08T07:40:22.498,2.1739061358127496E-4,3,0,1.0,1.0,https://github.com/CSSEGISandData/COVID-19
,3,0,1.0,India,IN,2020-02-23,54,0,0,0.0,,2.1739061358127495E-9,2020-04-08T07:40:23.350,2.1739061358127496E-4,3,0,1.0,1.0,https://github.com/CSSEGISandData/COVID-19
,3,0,1.0,India,IN,2020-02-24,55,0,0,0.0,,2.1739061358127495E-9,2020-04-08T07:40:24.128,2.1739061358127496E-4,3,0,1.0,1.0,https://github.com/CSSEGISandData/COVID-19
,3,0,1.0,India,IN,2020-02-25,56,0,0,0.0,,2.1739061358127495E-9,2020-04-08T07:40:25.196,2.1739061358127496E-4,3,0,1.0,1.0,https://github.com/CSSEGISandData/COVID-19
,3,0,1.0,India,IN,2020-02-26,57,0,0,0.0,,2.1739061358127495E-9,2020-04-08T07:40:26.014,2.1739061358127496E-4,3,0,1.0,1.0,https://github.com/CSSEGISandData/COVID-19
,3,0,1.0,India,IN,2020-02-27,58,0,0,0.0,,2.1739061358127495E-9,2020-04-08T07:40:26.811,2.1739061358127496E-4,3,0,1.0,1.0,https://github.com/CSSEGISandData/COVID-19
,3,0,1.0,India,IN,2020-02-28,59,0,0,0.0,,2.1739061358127495E-9,2020-04-08T07:40:27.652,2.1739061358127496E-4,3,0,1.0,1.0,https://github.com/CSSEGISandData/COVID-19
,3,0,1.0,India,IN,2020-02-29,60,0,0,0.0,,2.1739061358127495E-9,2020-04-08T07:40:28.413,2.1739061358127496E-4,3,0,1.0,1.0,https://github.com/CSSEGISandData/COVID-19
,3,0,1.0,India,IN,2020-03-01,61,0,0,0.0,,2.1739061358127495E-9,2020-04-08T07:40:29.174,2.1739061358127496E-4,3,0,1.0,1.0,https://github.com/CSSEGISandData/COVID-19
,5,2,1.6666666666666667,India,IN,2020-03-02,62,0,0,0.0,1.3569154488567239,2.1739061358127495E-9,2020-04-08T07:40:29.998,3.6231768930212495E-4,3,0,1.0,0.6,https://github.com/CSSEGISandData/COVID-19
,5,0,1.0,India,IN,2020-03-03,63,0,0,0.0,,2.1739061358127495E-9,2020-04-08T07:40:30.770,3.6231768930212495E-4,3,0,1.0,0.6,https://github.com/CSSEGISandData/COVID-19
,28,23,5.6,India,IN,2020-03-04,64,0,0,0.0,0.4023453795010896,2.1739061358127495E-9,2020-04-08T07:40:31.536,0.0020289790600918995,3,0,1.0,0.10714285714285714,https://github.com/CSSEGISandData/COVID-19
,30,2,1.0714285714285714,India,IN,2020-03-05,65,0,0,0.0,10.04664924971328,2.1739061358127495E-9,2020-04-08T07:40:32.318,0.0021739061358127497,3,0,1.0,0.1,https://github.com/CSSEGISandData/COVID-19
,31,1,1.0333333333333334,India,IN,2020-03-06,66,0,0,0.0,21.139095026580534,2.1739061358127495E-9,2020-04-08T07:40:33.182,0.0022463696736731748,3,0,1.0,0.0967741935483871,https://github.com/CSSEGISandData/COVID-19
,34,3,1.096774193548387,India,IN,2020-03-07,67,0,0,0.0,7.503759522520569,2.1739061358127495E-9,2020-04-08T07:40:34.004,0.0024637602872544496,3,0,1.0,0.08823529411764706,https://github.com/CSSEGISandData/COVID-19
,39,5,1.1470588235294117,India,IN,2020-03-08,68,0,0,0.0,5.052051855799288,2.1739061358127495E-9,2020-04-08T07:40:35.056,0.0028260779765565745,3,0,1.0,0.07692307692307693,https://github.com/CSSEGISandData/COVID-19
,43,4,1.1025641025641026,India,IN,2020-03-09,69,0,0,0.0,7.0991196774770975,2.1739061358127495E-9,2020-04-08T07:40:35.855,0.0031159321279982744,3,0,1.0,0.06976744186046512,https://github.com/CSSEGISandData/COVID-19
,56,13,1.302325581395349,India,IN,2020-03-10,70,0,0,0.0,2.624050908842089,2.8985415144169994E-9,2020-04-08T07:40:36.668,0.004057958120183799,4,1,1.3333333333333333,0.07142857142857142,https://github.com/CSSEGISandData/COVID-19
0.016129032258064516,62,6,1.1071428571428572,India,IN,2020-03-11,71,1,0,0.0,6.810069091403851,2.8985415144169994E-9,2020-04-08T07:40:37.487,0.0044927393473463495,4,0,1.0,0.06451612903225806,https://github.com/CSSEGISandData/COVID-19
0.0136986301369863,73,11,1.1774193548387097,India,IN,2020-03-12,72,1,0,1.0,4.243973319816553,2.8985415144169994E-9,2020-04-08T07:40:38.406,0.005289838263811024,4,0,1.0,0.0547945205479452,https://github.com/CSSEGISandData/COVID-19
0.024390243902439025,82,9,1.1232876712328768,India,IN,2020-03-13,73,2,1,2.0,5.96205347073407,2.8985415144169994E-9,2020-04-08T07:40:39.229,0.005942010104554849,4,0,1.0,0.04878048780487805,https://github.com/CSSEGISandData/COVID-19
0.0196078431372549,102,20,1.2439024390243902,India,IN,2020-03-14,74,2,0,1.0,3.1758802075947323,2.8985415144169994E-9,2020-04-08T07:40:40.048,0.007391280861763348,4,0,1.0,0.0392156862745098,https://github.com/CSSEGISandData/COVID-19
0.017699115044247787,113,11,1.107843137254902,India,IN,2020-03-15,75,2,0,1.0,6.768023666676192,9.420259921855248E-9,2020-04-08T07:40:40.843,0.008188379778228023,13,9,3.25,0.11504424778761062,https://github.com/CSSEGISandData/COVID-19
0.01680672268907563,119,6,1.0530973451327434,India,IN,2020-03-16,76,2,0,1.0,13.397857254390258,9.420259921855248E-9,2020-04-08T07:40:41.688,0.008623161005390574,13,0,1.0,0.1092436974789916,https://github.com/CSSEGISandData/COVID-19
0.02112676056338028,142,23,1.1932773109243697,India,IN,2020-03-17,77,3,1,1.5,3.922655338399955,1.0144895300459498E-8,2020-04-08T07:40:42.236,0.010289822376180348,14,1,1.0769230769230769,0.09859154929577464,https://github.com/CSSEGISandData/COVID-19
0.019230769230769232,156,14,1.0985915492957747,India,IN,2020-03-18,78,3,0,1.0,7.371635896739501,1.0144895300459498E-8,2020-04-08T07:40:43.241,0.011304311906226298,14,0,1.0,0.08974358974358974,https://github.com/CSSEGISandData/COVID-19
0.020618556701030927,194,38,1.2435897435897436,India,IN,2020-03-19,79,4,1,1.3333333333333333,3.1795428384211752,1.0869530679063748E-8,2020-04-08T07:40:44.043,0.014057926344922447,15,1,1.0714285714285714,0.07731958762886598,https://github.com/CSSEGISandData/COVID-19
0.020491803278688523,244,50,1.2577319587628866,India,IN,2020-03-20,80,5,1,1.25,3.022750775646693,1.4492707572084997E-8,2020-04-08T07:40:44.945,0.017681103237943696,20,5,1.3333333333333333,0.08196721311475409,https://github.com/CSSEGISandData/COVID-19
0.012121212121212121,330,86,1.3524590163934427,India,IN,2020-03-21,81,4,-1,0.8,2.2957638190178002,1.6666613707897746E-8,2020-04-08T07:40:45.736,0.023912967493940247,23,3,1.15,0.0696969696969697,https://github.com/CSSEGISandData/COVID-19
0.017676767676767676,396,66,1.2,India,IN,2020-03-22,82,7,3,1.75,3.8017840169239308,1.7391249086501996E-8,2020-04-08T07:40:46.774,0.028695560992728294,24,1,1.0434782608695652,0.06060606060606061,https://github.com/CSSEGISandData/COVID-19
0.02004008016032064,499,103,1.2601010101010102,India,IN,2020-03-23,83,10,3,1.4285714285714286,2.998146678322635,2.4637602872544495E-8,2020-04-08T07:40:48.320,0.03615930539235207,34,10,1.4166666666666667,0.06813627254509018,https://github.com/CSSEGISandData/COVID-19
0.018656716417910446,536,37,1.0741482965931863,India,IN,2020-03-24,84,10,0,1.0,9.690562403245645,2.8985415144169995E-8,2020-04-08T07:40:49.149,0.038840456293187796,40,6,1.1764705882352942,0.07462686567164178,https://github.com/CSSEGISandData/COVID-19
0.0182648401826484,657,121,1.2257462686567164,India,IN,2020-03-25,85,12,2,1.2,3.405294355725366,3.1159321279982745E-8,2020-04-08T07:40:50.646,0.04760854437429922,43,3,1.075,0.0654490106544901,https://github.com/CSSEGISandData/COVID-19
0.027510316368638238,727,70,1.1065449010654491,India,IN,2020-03-26,86,20,8,1.6666666666666667,6.846407990002442,3.2608592037191245E-8,2020-04-08T07:40:51.528,0.052680992024528965,45,2,1.0465116279069768,0.061898211829436035,https://github.com/CSSEGISandData/COVID-19
0.02254791431792559,887,160,1.220082530949106,India,IN,2020-03-27,87,20,0,1.0,3.4845786787925106,5.2898382638110244E-8,2020-04-08T07:40:52.802,0.06427515808219696,73,28,1.6222222222222222,0.08229988726042842,https://github.com/CSSEGISandData/COVID-19
0.0243161094224924,987,100,1.112739571589628,India,IN,2020-03-28,88,24,4,1.2,6.488619797843792,6.086937180275698E-8,2020-04-08T07:40:54.438,0.07152151186823946,84,11,1.1506849315068493,0.0851063829787234,https://github.com/CSSEGISandData/COVID-19
0.0263671875,1024,37,1.0374873353596759,India,IN,2020-03-29,89,27,3,1.125,18.83461726901731,6.884036096740374E-8,2020-04-08T07:40:55.410,0.07420266276907518,95,11,1.130952380952381,0.0927734375,https://github.com/CSSEGISandData/COVID-19
0.025579536370903277,1251,227,1.2216796875,India,IN,2020-03-30,90,32,5,1.1851851851851851,3.461811854811178,7.391280861763349E-8,2020-04-08T07:40:57.096,0.09065188586339167,102,7,1.0736842105263158,0.0815347721822542,https://github.com/CSSEGISandData/COVID-19
0.025053686471009307,1397,146,1.1167066346922463,India,IN,2020-03-31,91,35,3,1.09375,6.279425732638712,8.913015156832273E-8,2020-04-08T07:40:58.550,0.1012315623910137,123,21,1.2058823529411764,0.08804581245526127,https://github.com/CSSEGISandData/COVID-19
0.02902902902902903,1998,601,1.4302075876879026,India,IN,2020-04-01,92,58,23,1.6571428571428573,1.937141455230024,1.0724603603342898E-7,2020-04-08T07:41:00.053,0.14478214864512912,148,25,1.2032520325203253,0.07407407407407407,https://github.com/CSSEGISandData/COVID-19
0.028313016122689737,2543,545,1.2727727727727727,India,IN,2020-04-02,93,72,14,1.2413793103448276,2.8737706674912635,1.3840535731341172E-7,2020-04-08T07:41:01.541,0.18427477677906073,191,43,1.2905405405405406,0.07510813999213527,https://github.com/CSSEGISandData/COVID-19
0.028048305414881184,2567,24,1.0094376720408966,India,IN,2020-04-03,94,72,0,1.0,73.79075101295552,1.3912999269201597E-7,2020-04-08T07:41:02.925,0.18601390168771095,192,1,1.0052356020942408,0.07479548110634983,https://github.com/CSSEGISandData/COVID-19
0.027903958468526932,3082,515,1.2006232956758862,India,IN,2020-04-04,95,86,14,1.1944444444444444,3.790986737323352,1.6594150170037322E-7,2020-04-08T07:41:03.848,0.22333262368582982,229,37,1.1927083333333333,0.07430240103828682,https://github.com/CSSEGISandData/COVID-19
0.027591973244147156,3588,506,1.164179104477612,India,IN,2020-04-05,96,99,13,1.1511627906976745,4.559692633288133,1.6594150170037322E-7,2020-04-08T07:41:04.868,0.25999917384320487,229,0,1.0,0.06382385730211818,https://github.com/CSSEGISandData/COVID-19
0.028463792381749686,4778,1190,1.3316610925306578,India,IN,2020-04-06,97,136,37,1.3737373737373737,2.419977610948635,2.717382669765937E-7,2020-04-08T07:41:05.697,0.3462307838971106,375,146,1.6375545851528384,0.07848472164085392,https://github.com/CSSEGISandData/COVID-19
