caseFatalityRisk,confirmed,confirmedDelta,confirmedGrowthRate,country,countryCode,dateId,dayId,deceased,deceasedDelta,deceasedGrowthRate,doublingTime,immunizationRate,importDate,incidencePer100k,recovered,recoveredDelta,recoveredGrowthRate,recoveryRate,source
,0,,,Iran,IR,2020-01-22,22,0,,,,0.0,2020-04-08T07:39:55.345,0.0,0,,,,https://github.com/CSSEGISandData/COVID-19
,0,,,Iran,IR,2020-01-23,23,0,,,,0.0,2020-04-08T07:39:57.120,0.0,0,,,,https://github.com/CSSEGISandData/COVID-19
,0,,,Iran,IR,2020-01-24,24,0,,,,0.0,2020-04-08T07:39:58.149,0.0,0,,,,https://github.com/CSSEGISandData/COVID-19
,0,,,Iran,IR,2020-01-25,25,0,,,,0.0,2020-04-08T07:39:59.170,0.0,0,,,,https://github.com/CSSEGISandData/COVID-19
,0,,,Iran,IR,2020-01-26,26,0,,,,0.0,2020-04-08T07:40:00.090,0.0,0,,,,https://github.com/CSSEGISandData/COVID-19
,0,,,Iran,IR,2020-01-27,27,0,,,,0.0,2020-04-08T07:40:01.015,0.0,0,,,,https://github.com/CSSEGISandData/COVID-19
,0,,,Iran,IR,2020-01-28,28,0,,,,0.0,2020-04-08T07:40:01.832,0.0,0,,,,https://github.com/CSSEGISandData/COVID-19
,0,,,Iran,IR,2020-01-29,29,0,,,,0.0,2020-04-08T07:40:02.753,0.0,0,,,,https://github.com/CSSEGISandData/COVID-19
,0,,,Iran,IR,2020-01-30,30,0,,,,0.0,2020-04-08T07:40:03.536,0.0,0,,,,https://github.com/CSSEGISandData/COVID-19
,0,,,Iran,IR,2020-01-31,31,0,,,,0.0,2020-04-08T07:40:04.394,0.0,0,,,,https://github.com/CSSEGISandData/COVID-19
,0,,,Iran,IR,2020-02-01,32,0,,,,0.0,2020-04-08T07:40:05.264,0.0,0,,,,https://github.com/CSSEGISandData/COVID-19
,0,,,Iran,IR,2020-02-02,33,0,,,,0.0,2020-04-08T07:40:06.132,0.0,0,,,,https://github.com/CSSEGISandData/COVID-19
,0,,,Iran,IR,2020-02-03,34,0,,,,0.0,2020-04-08T07:40:06.906,0.0,0,,,,https://github.com/CSSEGISandData/COVID-19
,0,,,Iran,IR,2020-02-04,35,0,,,,0.0,2020-04-08T07:40:07.635,0.0,0,,,,https://github.com/CSSEGISandData/COVID-19
,0,,,Iran,IR,2020-02-05,36,0,,,,0.0,2020-04-08T07:40:08.446,0.0,0,,,,https://github.com/CSSEGISandData/COVID-19
,0,,,Iran,IR,2020-02-06,37,0,,,,0.0,2020-04-08T07:40:09.252,0.0,0,,,,https://github.com/CSSEGISandData/COVID-19
,0,,,Iran,IR,2020-02-07,38,0,,,,0.0,2020-04-08T07:40:10.023,0.0,0,,,,https://github.com/CSSEGISandData/COVID-19
,0,,,Iran,IR,2020-02-08,39,0,,,,0.0,2020-04-08T07:40:10.841,0.0,0,,,,https://github.com/CSSEGISandData/COVID-19
,0,,,Iran,IR,2020-02-09,40,0,,,,0.0,2020-04-08T07:40:11.870,0.0,0,,,,https://github.com/CSSEGISandData/COVID-19
,0,,,Iran,IR,2020-02-10,41,0,,,,0.0,2020-04-08T07:40:12.687,0.0,0,,,,https://github.com/CSSEGISandData/COVID-19
,0,,,Iran,IR,2020-02-11,42,0,,,,0.0,2020-04-08T07:40:13.455,0.0,0,,,,https://github.com/CSSEGISandData/COVID-19
,0,,,Iran,IR,2020-02-12,43,0,,,,0.0,2020-04-08T07:40:14.289,0.0,0,,,,https://github.com/CSSEGISandData/COVID-19
,0,,,Iran,IR,2020-02-13,44,0,,,,0.0,2020-04-08T07:40:15.250,0.0,0,,,,https://github.com/CSSEGISandData/COVID-19
,0,,,Iran,IR,2020-02-14,45,0,,,,0.0,2020-04-08T07:40:16.072,0.0,0,,,,https://github.com/CSSEGISandData/COVID-19
,0,,,Iran,IR,2020-02-15,46,0,,,,0.0,2020-04-08T07:40:16.927,0.0,0,,,,https://github.com/CSSEGISandData/COVID-19
,0,,,Iran,IR,2020-02-16,47,0,,,,0.0,2020-04-08T07:40:17.707,0.0,0,,,,https://github.com/CSSEGISandData/COVID-19
,0,,,Iran,IR,2020-02-17,48,0,,,,0.0,2020-04-08T07:40:18.489,0.0,0,,,,https://github.com/CSSEGISandData/COVID-19
,0,,,Iran,IR,2020-02-18,49,0,,,,0.0,2020-04-08T07:40:19.352,0.0,0,,,,https://github.com/CSSEGISandData/COVID-19
1.0,2,0,0.0,Iran,IR,2020-02-19,50,2,0,0.0,-0.0,0.0,2020-04-08T07:40:20.126,0.0023811522560066322,0,0,0.0,,https://github.com/CSSEGISandData/COVID-19
0.4,5,3,2.5,Iran,IR,2020-02-20,51,2,0,1.0,0.75647079736603,0.0,2020-04-08T07:40:20.880,0.00595288064001658,0,0,0.0,,https://github.com/CSSEGISandData/COVID-19
0.2222222222222222,18,13,3.6,Iran,IR,2020-02-21,52,4,2,2.0,0.5411264469398965,0.0,2020-04-08T07:40:21.727,0.02143037030405969,0,0,0.0,,https://github.com/CSSEGISandData/COVID-19
0.17857142857142858,28,10,1.5555555555555556,Iran,IR,2020-02-22,53,5,1,1.25,1.5687999067171656,0.0,2020-04-08T07:40:22.498,0.03333613158409285,0,0,0.0,,https://github.com/CSSEGISandData/COVID-19
0.18604651162790697,43,15,1.5357142857142858,Iran,IR,2020-02-23,54,8,3,1.6,1.615744244564954,0.0,2020-04-08T07:40:23.350,0.051194773504142595,0,0,0.0,,https://github.com/CSSEGISandData/COVID-19
0.19672131147540983,61,18,1.4186046511627908,Iran,IR,2020-02-24,55,12,4,1.5,1.9822682817154302,0.0,2020-04-08T07:40:24.128,0.07262514380820229,0,0,0.0,,https://github.com/CSSEGISandData/COVID-19
0.16842105263157894,95,34,1.5573770491803278,Iran,IR,2020-02-25,56,16,4,1.3333333333333333,1.564655629071984,0.0,2020-04-08T07:40:25.196,0.11310473216031502,0,0,0.0,,https://github.com/CSSEGISandData/COVID-19
0.1366906474820144,139,44,1.4631578947368422,Iran,IR,2020-02-26,57,19,3,1.1875,1.821210111810693,5.833823027216249E-7,2020-04-08T07:40:26.014,0.16549008179246094,49,0,0.0,0.35251798561151076,https://github.com/CSSEGISandData/COVID-19
0.10612244897959183,245,106,1.7625899280575539,Iran,IR,2020-02-27,58,26,7,1.368421052631579,1.2229470861867295,5.833823027216249E-7,2020-04-08T07:40:26.811,0.2916911513608125,49,0,1.0,0.2,https://github.com/CSSEGISandData/COVID-19
0.08762886597938144,388,143,1.583673469387755,Iran,IR,2020-02-28,59,34,8,1.3076923076923077,1.5076704925796791,8.691205734424207E-7,2020-04-08T07:40:27.651,0.4619435376652867,73,24,1.489795918367347,0.18814432989690721,https://github.com/CSSEGISandData/COVID-19
0.07251264755480608,593,205,1.5283505154639174,Iran,IR,2020-02-29,60,43,9,1.2647058823529411,1.634052470806587,1.4644086374440788E-6,2020-04-08T07:40:28.413,0.7060116439059665,123,50,1.6849315068493151,0.20741989881956155,https://github.com/CSSEGISandData/COVID-19
0.05521472392638037,978,385,1.6492411467116357,Iran,IR,2020-03-01,61,54,11,1.255813953488372,1.3854207950181827,2.0835082240058033E-6,2020-04-08T07:40:29.174,1.1643834531872432,175,52,1.4227642276422765,0.17893660531697342,https://github.com/CSSEGISandData/COVID-19
0.04397068620919387,1501,523,1.534764826175869,Iran,IR,2020-03-02,62,66,12,1.2222222222222223,1.6180768787327864,3.4645765324896497E-6,2020-04-08T07:40:29.998,1.7870547681329774,291,116,1.6628571428571428,0.1938707528314457,https://github.com/CSSEGISandData/COVID-19
0.03296232876712329,2336,835,1.5562958027981346,Iran,IR,2020-03-03,63,77,11,1.1666666666666667,1.5671124594293233,3.4645765324896497E-6,2020-04-08T07:40:30.770,2.7811858350157466,291,0,1.0,0.12457191780821918,https://github.com/CSSEGISandData/COVID-19
0.03148528405201916,2922,586,1.2508561643835616,Iran,IR,2020-03-04,64,92,15,1.1948051948051948,3.0967815082807513,6.571980226578305E-6,2020-04-08T07:40:31.536,3.4788634460256898,552,261,1.8969072164948453,0.188911704312115,https://github.com/CSSEGISandData/COVID-19
0.03045829775120979,3513,591,1.202258726899384,Iran,IR,2020-03-05,65,107,15,1.1630434782608696,3.7629719272878543,8.798357585944505E-6,2020-04-08T07:40:32.318,4.182493937675649,739,187,1.338768115942029,0.21036151437517792,https://github.com/CSSEGISandData/COVID-19
0.02612176111228144,4747,1234,1.3512667235980644,Iran,IR,2020-03-06,66,124,17,1.158878504672897,2.3024897088858056,1.0869960048670276E-5,2020-04-08T07:40:33.182,5.651664879631742,913,174,1.2354533152909337,0.19233199915736254,https://github.com/CSSEGISandData/COVID-19
0.024901253649321657,5823,1076,1.2266694754581842,Iran,IR,2020-03-07,67,145,21,1.1693548387096775,3.3927451755400093,1.9870715576375346E-5,2020-04-08T07:40:34.004,6.93272479336331,1669,756,1.828039430449069,0.2866220161428817,https://github.com/CSSEGISandData/COVID-19
0.02954614681693573,6566,743,1.1275974583547999,Iran,IR,2020-03-08,68,194,49,1.3379310344827586,5.771934771772277,2.5406894571590765E-5,2020-04-08T07:40:35.056,7.817322856469773,2134,465,1.2786099460754943,0.32500761498629305,https://github.com/CSSEGISandData/COVID-19
0.03309593632174277,7161,595,1.0906183368869935,Iran,IR,2020-03-09,69,237,43,1.2216494845360826,7.990646645738164,2.8502392504399387E-5,2020-04-08T07:40:35.855,8.525715652631746,2394,260,1.1218369259606373,0.3343108504398827,https://github.com/CSSEGISandData/COVID-19
0.03618502859985078,8042,881,1.1230275101242844,Iran,IR,2020-03-10,70,291,54,1.2278481012658229,5.973955858496115,3.251463405577056E-5,2020-04-08T07:40:36.668,9.574613221402668,2731,337,1.140768588137009,0.33959214125839343,https://github.com/CSSEGISandData/COVID-19
0.03933333333333333,9000,958,1.1191245958716738,Iran,IR,2020-03-11,71,354,63,1.2164948453608246,6.158747937181266,3.522914762761812E-5,2020-04-08T07:40:37.487,10.715185152029845,2959,228,1.0834859025997803,0.3287777777777778,https://github.com/CSSEGISandData/COVID-19
0.04258064516129032,10075,1075,1.1194444444444445,Iran,IR,2020-03-12,72,429,75,1.2118644067796611,6.143150184700311,3.522914762761812E-5,2020-04-08T07:40:38.406,11.995054489633409,2959,0,1.0,0.29369727047146404,https://github.com/CSSEGISandData/COVID-19
0.04523055262231609,11364,1289,1.1279404466501242,Iran,IR,2020-03-13,73,514,85,1.1981351981351982,5.757354082258525,3.522914762761812E-5,2020-04-08T07:40:39.229,13.529707118629684,2959,0,1.0,0.2603836677226329,https://github.com/CSSEGISandData/COVID-19
0.048000628486134025,12729,1365,1.1201161562829989,Iran,IR,2020-03-14,74,611,97,1.188715953307393,6.110663586323234,3.522914762761812E-5,2020-04-08T07:40:40.048,15.15484353335421,2959,0,1.0,0.23246130882237412,https://github.com/CSSEGISandData/COVID-19
0.05194432486726933,13938,1209,1.094979967004478,Iran,IR,2020-03-15,75,724,113,1.1849427168576105,7.639158218558764,5.464744427535221E-5,2020-04-08T07:40:40.843,16.59425007211022,4590,1631,1.5511997296383913,0.32931554024967713,https://github.com/CSSEGISandData/COVID-19
0.056900807150957244,14991,1053,1.0755488592337494,Iran,IR,2020-03-16,76,853,129,1.1781767955801106,9.517187018492118,5.464744427535221E-5,2020-04-08T07:40:41.688,17.84792673489771,4590,0,1.0,0.30618371022613566,https://github.com/CSSEGISandData/COVID-19
0.06110458284371328,16169,1178,1.0785804816223068,Iran,IR,2020-03-17,77,988,135,1.1582649472450175,9.1630613960377,6.41601475380987E-5,2020-04-08T07:40:42.236,19.25042541368562,5389,799,1.174074074074074,0.3332921021708207,https://github.com/CSSEGISandData/COVID-19
0.06537641840907782,17361,1192,1.0737213185725771,Iran,IR,2020-03-18,78,1135,147,1.1487854251012146,9.744727663546378,6.41601475380987E-5,2020-04-08T07:40:43.241,20.66959215826557,5389,0,1.0,0.3104083866136743,https://github.com/CSSEGISandData/COVID-19
0.06975607105992286,18407,1046,1.060249985599908,Iran,IR,2020-03-19,79,1284,149,1.1312775330396476,11.847714687458687,6.798189690898935E-5,2020-04-08T07:40:44.043,21.91493478815704,5710,321,1.0595657821488216,0.3102080730157005,https://github.com/CSSEGISandData/COVID-19
0.07294848299735288,19644,1237,1.067202694627044,Iran,IR,2020-03-20,80,1433,149,1.1160436137071652,10.657093542890454,8.030435983382368E-5,2020-04-08T07:40:44.944,23.38767745849714,6745,1035,1.181260945709282,0.3433618407656282,https://github.com/CSSEGISandData/COVID-19
0.0754973313925279,20610,966,1.0491753207086134,Iran,IR,2020-03-21,81,1556,123,1.0858339148639218,14.439228609911838,9.090048737305318E-5,2020-04-08T07:40:45.736,24.537773998148346,7635,890,1.1319495922905856,0.37045123726346435,https://github.com/CSSEGISandData/COVID-19
0.0778722617617155,21638,1028,1.049878699660359,Iran,IR,2020-03-22,82,1685,129,1.082904884318766,14.240419139687678,9.090048737305318E-5,2020-04-08T07:40:46.774,25.761686257735754,7635,0,1.0,0.35285146501525094,https://github.com/CSSEGISandData/COVID-19
0.07861512430040349,23049,1411,1.0652093539144099,Iran,IR,2020-03-23,83,1812,127,1.0753709198813057,10.972491668492738,9.972265648155776E-5,2020-04-08T07:40:48.320,27.441589174348433,8376,741,1.0970530451866405,0.36339971365352075,https://github.com/CSSEGISandData/COVID-19
0.0779492966829229,24811,1762,1.0764458327910105,Iran,IR,2020-03-24,84,1934,122,1.0673289183222958,9.409486564436516,1.0611605028893556E-4,2020-04-08T07:40:49.149,29.539384311890277,8913,537,1.064111747851003,0.35923582282052313,https://github.com/CSSEGISandData/COVID-19
0.07687752156049894,27017,2206,1.088912176050945,Iran,IR,2020-03-25,85,2077,143,1.0739400206825234,8.13751745848208,1.1459295232031918E-4,2020-04-08T07:40:50.646,32.16579525026559,9625,712,1.079883316503983,0.3562571714105933,https://github.com/CSSEGISandData/COVID-19
0.07597089029449772,29406,2389,1.0884258059740164,Iran,IR,2020-03-26,86,2234,157,1.0755897929706306,8.180422984896802,1.2449854570530677E-4,2020-04-08T07:40:51.528,35.01008162006551,10457,832,1.0864415584415585,0.35560769910902534,https://github.com/CSSEGISandData/COVID-19
0.0735494247185451,32332,2926,1.0995035026865265,Iran,IR,2020-03-27,87,2378,144,1.0644583706356312,7.307153254394206,1.3254684033060918E-4,2020-04-08T07:40:52.802,38.49370737060322,11133,676,1.0646456918810365,0.34433378696028705,https://github.com/CSSEGISandData/COVID-19
0.07108563036601898,35408,3076,1.0951379438327353,Iran,IR,2020-03-28,88,2517,139,1.058452481076535,7.62703182965081,1.3904738598950728E-4,2020-04-08T07:40:54.438,42.155919540341415,11679,546,1.049043384532471,0.32984071396294623,https://github.com/CSSEGISandData/COVID-19
0.06891331018820643,38309,2901,1.0819306371441482,Iran,IR,2020-03-29,89,2640,123,1.0488676996424315,8.802196209166286,1.475242880208909E-4,2020-04-08T07:40:55.410,45.60978088767904,12391,712,1.0609641236407226,0.3234487979326007,https://github.com/CSSEGISandData/COVID-19
0.06644173996867092,41495,3186,1.0831658357044036,Iran,IR,2020-03-30,90,2757,117,1.044318181818182,8.676477875831955,1.656210451665413E-4,2020-04-08T07:40:57.096,49.4029564314976,13911,1520,1.1226696796061657,0.33524521026629717,https://github.com/CSSEGISandData/COVID-19
0.06497029480999889,44605,3110,1.074948789010724,Iran,IR,2020-03-31,91,2898,141,1.0511425462459194,9.590676553357147,1.74490837320166E-4,2020-04-08T07:40:58.550,53.10564818958792,14656,745,1.0535547408525627,0.3285730299293801,https://github.com/CSSEGISandData/COVID-19
0.06379089361880949,47593,2988,1.066988005828943,Iran,IR,2020-04-01,92,3036,138,1.0476190476190477,10.690161223211016,1.842178442859531E-4,2020-04-08T07:41:00.053,56.66308966006182,15473,817,1.0557450873362446,0.32511083562708804,https://github.com/CSSEGISandData/COVID-19
0.06261393358167552,50468,2875,1.0604080431996301,Iran,IR,2020-04-02,93,3160,124,1.0408432147562583,11.817604509966959,1.9895717675063416E-4,2020-04-08T07:41:01.541,60.08599602807136,16711,1238,1.0800103405932915,0.33112071015296823,https://github.com/CSSEGISandData/COVID-19
0.061937085158791344,53183,2715,1.0537964650867877,Iran,IR,2020-04-03,94,3294,134,1.0424050632911392,13.228170195834366,2.1352982855739474E-4,2020-04-08T07:41:02.925,63.31841021560036,17935,1224,1.0732451678535098,0.3372318221988229,https://github.com/CSSEGISandData/COVID-19
0.061927058105950526,55743,2560,1.0481356824549197,Iran,IR,2020-04-04,95,3452,158,1.0479659987856709,14.743720025828907,2.3497210462273445E-4,2020-04-08T07:41:03.848,66.36628510328885,19736,1801,1.1004181767493728,0.3540534237482733,https://github.com/CSSEGISandData/COVID-19
0.061879572699481335,58226,2483,1.0445437095240657,Iran,IR,2020-04-05,96,3603,151,1.0437427578215528,15.90511288044372,2.3497210462273445E-4,2020-04-08T07:41:04.868,69.32248562912109,19736,0,1.0,0.33895510596640677,https://github.com/CSSEGISandData/COVID-19
0.06180165289256198,60500,2274,1.0390547178236527,Iran,IR,2020-04-06,97,3739,136,1.0377463225090202,18.0924643581074,2.8854803038288367E-4,2020-04-08T07:41:05.697,72.02985574420063,24236,4500,1.228009728415079,0.40059504132231405,https://github.com/CSSEGISandData/COVID-19
