caseFatalityRisk,confirmed,confirmedDelta,confirmedGrowthRate,country,countryCode,dateId,dayId,deceased,deceasedDelta,deceasedGrowthRate,doublingTime,immunizationRate,importDate,incidencePer100k,infectious,infectiousDelta,infectiousGrowthRate,recovered,recoveredDelta,recoveredGrowthRate,recoveryRate,source,tested,testedDelta,testedPer1k
0.0,0,0,0.0,Mexico,MX,2020-01-22,22,0,0,0.0,0.0,0.0,2020-04-10T18:19:43.357,0.0,0,0,0.0,0,0,0.0,0.0,https://github.com/CSSEGISandData/COVID-19,0,0,0.0
0.0,0,0,0.0,Mexico,MX,2020-01-23,23,0,0,0.0,0.0,0.0,2020-04-10T18:19:44.046,0.0,0,0,0.0,0,0,0.0,0.0,https://github.com/CSSEGISandData/COVID-19,0,0,0.0
0.0,0,0,0.0,Mexico,MX,2020-01-24,24,0,0,0.0,0.0,0.0,2020-04-10T18:19:44.822,0.0,0,0,0.0,0,0,0.0,0.0,https://github.com/CSSEGISandData/COVID-19,0,0,0.0
0.0,0,0,0.0,Mexico,MX,2020-01-25,25,0,0,0.0,0.0,0.0,2020-04-10T18:19:45.371,0.0,0,0,0.0,0,0,0.0,0.0,https://github.com/CSSEGISandData/COVID-19,0,0,0.0
0.0,0,0,0.0,Mexico,MX,2020-01-26,26,0,0,0.0,0.0,0.0,2020-04-10T18:19:46.408,0.0,0,0,0.0,0,0,0.0,0.0,https://github.com/CSSEGISandData/COVID-19,0,0,0.0
0.0,0,0,0.0,Mexico,MX,2020-01-27,27,0,0,0.0,0.0,0.0,2020-04-10T18:19:47.316,0.0,0,0,0.0,0,0,0.0,0.0,https://github.com/CSSEGISandData/COVID-19,0,0,0.0
0.0,0,0,0.0,Mexico,MX,2020-01-28,28,0,0,0.0,0.0,0.0,2020-04-10T18:19:47.903,0.0,0,0,0.0,0,0,0.0,0.0,https://github.com/CSSEGISandData/COVID-19,0,0,0.0
0.0,0,0,0.0,Mexico,MX,2020-01-29,29,0,0,0.0,0.0,0.0,2020-04-10T18:19:48.484,0.0,0,0,0.0,0,0,0.0,0.0,https://github.com/CSSEGISandData/COVID-19,0,0,0.0
0.0,0,0,0.0,Mexico,MX,2020-01-30,30,0,0,0.0,0.0,0.0,2020-04-10T18:19:49.377,0.0,0,0,0.0,0,0,0.0,0.0,https://github.com/CSSEGISandData/COVID-19,0,0,0.0
0.0,0,0,0.0,Mexico,MX,2020-01-31,31,0,0,0.0,0.0,0.0,2020-04-10T18:19:49.940,0.0,0,0,0.0,0,0,0.0,0.0,https://github.com/CSSEGISandData/COVID-19,0,0,0.0
0.0,0,0,0.0,Mexico,MX,2020-02-01,32,0,0,0.0,0.0,0.0,2020-04-10T18:19:50.503,0.0,0,0,0.0,0,0,0.0,0.0,https://github.com/CSSEGISandData/COVID-19,0,0,0.0
0.0,0,0,0.0,Mexico,MX,2020-02-02,33,0,0,0.0,0.0,0.0,2020-04-10T18:19:51.051,0.0,0,0,0.0,0,0,0.0,0.0,https://github.com/CSSEGISandData/COVID-19,0,0,0.0
0.0,0,0,0.0,Mexico,MX,2020-02-03,34,0,0,0.0,0.0,0.0,2020-04-10T18:19:52.038,0.0,0,0,0.0,0,0,0.0,0.0,https://github.com/CSSEGISandData/COVID-19,0,0,0.0
0.0,0,0,0.0,Mexico,MX,2020-02-04,35,0,0,0.0,0.0,0.0,2020-04-10T18:19:52.962,0.0,0,0,0.0,0,0,0.0,0.0,https://github.com/CSSEGISandData/COVID-19,0,0,0.0
0.0,0,0,0.0,Mexico,MX,2020-02-05,36,0,0,0.0,0.0,0.0,2020-04-10T18:19:53.743,0.0,0,0,0.0,0,0,0.0,0.0,https://github.com/CSSEGISandData/COVID-19,0,0,0.0
0.0,0,0,0.0,Mexico,MX,2020-02-06,37,0,0,0.0,0.0,0.0,2020-04-10T18:19:54.404,0.0,0,0,0.0,0,0,0.0,0.0,https://github.com/CSSEGISandData/COVID-19,0,0,0.0
0.0,0,0,0.0,Mexico,MX,2020-02-07,38,0,0,0.0,0.0,0.0,2020-04-10T18:19:54.948,0.0,0,0,0.0,0,0,0.0,0.0,https://github.com/CSSEGISandData/COVID-19,0,0,0.0
0.0,0,0,0.0,Mexico,MX,2020-02-08,39,0,0,0.0,0.0,0.0,2020-04-10T18:19:55.492,0.0,0,0,0.0,0,0,0.0,0.0,https://github.com/CSSEGISandData/COVID-19,0,0,0.0
0.0,0,0,0.0,Mexico,MX,2020-02-09,40,0,0,0.0,0.0,0.0,2020-04-10T18:19:56.066,0.0,0,0,0.0,0,0,0.0,0.0,https://github.com/CSSEGISandData/COVID-19,0,0,0.0
0.0,0,0,0.0,Mexico,MX,2020-02-10,41,0,0,0.0,0.0,0.0,2020-04-10T18:19:56.633,0.0,0,0,0.0,0,0,0.0,0.0,https://github.com/CSSEGISandData/COVID-19,0,0,0.0
0.0,0,0,0.0,Mexico,MX,2020-02-11,42,0,0,0.0,0.0,0.0,2020-04-10T18:19:57.181,0.0,0,0,0.0,0,0,0.0,0.0,https://github.com/CSSEGISandData/COVID-19,0,0,0.0
0.0,0,0,0.0,Mexico,MX,2020-02-12,43,0,0,0.0,0.0,0.0,2020-04-10T18:19:57.979,0.0,0,0,0.0,0,0,0.0,0.0,https://github.com/CSSEGISandData/COVID-19,0,0,0.0
0.0,0,0,0.0,Mexico,MX,2020-02-13,44,0,0,0.0,0.0,0.0,2020-04-10T18:19:58.543,0.0,0,0,0.0,0,0,0.0,0.0,https://github.com/CSSEGISandData/COVID-19,0,0,0.0
0.0,0,0,0.0,Mexico,MX,2020-02-14,45,0,0,0.0,0.0,0.0,2020-04-10T18:19:59.136,0.0,0,0,0.0,0,0,0.0,0.0,https://github.com/CSSEGISandData/COVID-19,0,0,0.0
0.0,0,0,0.0,Mexico,MX,2020-02-15,46,0,0,0.0,0.0,0.0,2020-04-10T18:19:59.699,0.0,0,0,0.0,0,0,0.0,0.0,https://github.com/CSSEGISandData/COVID-19,0,0,0.0
0.0,0,0,0.0,Mexico,MX,2020-02-16,47,0,0,0.0,0.0,0.0,2020-04-10T18:20:00.278,0.0,0,0,0.0,0,0,0.0,0.0,https://github.com/CSSEGISandData/COVID-19,0,0,0.0
0.0,0,0,0.0,Mexico,MX,2020-02-17,48,0,0,0.0,0.0,0.0,2020-04-10T18:20:01.155,0.0,0,0,0.0,0,0,0.0,0.0,https://github.com/CSSEGISandData/COVID-19,0,0,0.0
0.0,0,0,0.0,Mexico,MX,2020-02-18,49,0,0,0.0,0.0,0.0,2020-04-10T18:20:01.717,0.0,0,0,0.0,0,0,0.0,0.0,https://github.com/CSSEGISandData/COVID-19,0,0,0.0
0.0,0,0,0.0,Mexico,MX,2020-02-19,50,0,0,0.0,0.0,0.0,2020-04-10T18:20:02.513,0.0,0,0,0.0,0,0,0.0,0.0,https://github.com/CSSEGISandData/COVID-19,0,0,0.0
0.0,0,0,0.0,Mexico,MX,2020-02-20,51,0,0,0.0,0.0,0.0,2020-04-10T18:20:03.083,0.0,0,0,0.0,0,0,0.0,0.0,https://github.com/CSSEGISandData/COVID-19,0,0,0.0
0.0,0,0,0.0,Mexico,MX,2020-02-21,52,0,0,0.0,0.0,0.0,2020-04-10T18:20:03.899,0.0,0,0,0.0,0,0,0.0,0.0,https://github.com/CSSEGISandData/COVID-19,0,0,0.0
0.0,0,0,0.0,Mexico,MX,2020-02-22,53,0,0,0.0,0.0,0.0,2020-04-10T18:20:04.691,0.0,0,0,0.0,0,0,0.0,0.0,https://github.com/CSSEGISandData/COVID-19,0,0,0.0
0.0,0,0,0.0,Mexico,MX,2020-02-23,54,0,0,0.0,0.0,0.0,2020-04-10T18:20:05.299,0.0,0,0,0.0,0,0,0.0,0.0,https://github.com/CSSEGISandData/COVID-19,0,0,0.0
0.0,0,0,0.0,Mexico,MX,2020-02-24,55,0,0,0.0,0.0,0.0,2020-04-10T18:20:05.885,0.0,0,0,0.0,0,0,0.0,0.0,https://github.com/CSSEGISandData/COVID-19,0,0,0.0
0.0,0,0,0.0,Mexico,MX,2020-02-25,56,0,0,0.0,0.0,0.0,2020-04-10T18:20:06.479,0.0,0,0,0.0,0,0,0.0,0.0,https://github.com/CSSEGISandData/COVID-19,0,0,0.0
0.0,0,0,0.0,Mexico,MX,2020-02-26,57,0,0,0.0,0.0,0.0,2020-04-10T18:20:07.047,0.0,0,0,0.0,0,0,0.0,0.0,https://github.com/CSSEGISandData/COVID-19,0,0,0.0
0.0,0,0,0.0,Mexico,MX,2020-02-27,58,0,0,0.0,0.0,0.0,2020-04-10T18:20:07.606,0.0,0,0,0.0,0,0,0.0,0.0,https://github.com/CSSEGISandData/COVID-19,0,0,0.0
0.0,1,0,0.0,Mexico,MX,2020-02-28,59,0,0,0.0,0.0,0.0,2020-04-10T18:20:08.152,7.755981135375275E-4,1,0,0.0,0,0,0.0,0.0,https://github.com/CSSEGISandData/COVID-19,0,0,0.0
0.0,4,3,4.0,Mexico,MX,2020-02-29,60,0,0,0.0,0.5,0.0,2020-04-10T18:20:08.727,0.00310239245415011,4,3,4.0,0,0,0.0,0.0,https://github.com/CSSEGISandData/COVID-19,0,0,0.0
0.0,5,1,1.25,Mexico,MX,2020-03-01,61,0,0,0.0,3.10628371950539,0.0,2020-04-10T18:20:09.648,0.0038779905676876378,5,1,1.25,0,0,0.0,0.0,https://github.com/CSSEGISandData/COVID-19,0,0,0.0
0.0,5,0,1.0,Mexico,MX,2020-03-02,62,0,0,0.0,0.0,0.0,2020-04-10T18:20:10.276,0.0038779905676876378,5,0,1.0,0,0,0.0,0.0,https://github.com/CSSEGISandData/COVID-19,0,0,0.0
0.0,5,0,1.0,Mexico,MX,2020-03-03,63,0,0,0.0,0.0,7.755981135375276E-9,2020-04-10T18:20:10.862,0.0038779905676876378,4,-1,0.8,1,0,0.0,0.2,https://github.com/CSSEGISandData/COVID-19,0,0,0.0
0.0,5,0,1.0,Mexico,MX,2020-03-04,64,0,0,0.0,0.0,7.755981135375276E-9,2020-04-10T18:20:11.406,0.0038779905676876378,4,0,1.0,1,0,1.0,0.2,https://github.com/CSSEGISandData/COVID-19,0,0,0.0
0.0,5,0,1.0,Mexico,MX,2020-03-05,65,0,0,0.0,0.0,7.755981135375276E-9,2020-04-10T18:20:12.003,0.0038779905676876378,4,0,1.0,1,0,1.0,0.2,https://github.com/CSSEGISandData/COVID-19,0,0,0.0
0.0,6,1,1.2,Mexico,MX,2020-03-06,66,0,0,0.0,3.8017840169239308,7.755981135375276E-9,2020-04-10T18:20:12.585,0.004653588681225165,5,1,1.25,1,0,1.0,0.16666666666666666,https://github.com/CSSEGISandData/COVID-19,0,0,0.0
0.0,6,0,1.0,Mexico,MX,2020-03-07,67,0,0,0.0,0.0,7.755981135375276E-9,2020-04-10T18:20:13.165,0.004653588681225165,5,0,1.0,1,0,1.0,0.16666666666666666,https://github.com/CSSEGISandData/COVID-19,0,0,0.0
0.0,7,1,1.1666666666666667,Mexico,MX,2020-03-08,68,0,0,0.0,4.49655610560192,7.755981135375276E-9,2020-04-10T18:20:14.084,0.005429186794762693,6,1,1.2,1,0,1.0,0.14285714285714285,https://github.com/CSSEGISandData/COVID-19,0,0,0.0
0.0,7,0,1.0,Mexico,MX,2020-03-09,69,0,0,0.0,0.0,7.755981135375276E-9,2020-04-10T18:20:14.635,0.005429186794762693,6,0,1.0,1,0,1.0,0.14285714285714285,https://github.com/CSSEGISandData/COVID-19,0,0,0.0
0.0,7,0,1.0,Mexico,MX,2020-03-10,70,0,0,0.0,0.0,3.1023924541501105E-8,2020-04-10T18:20:15.234,0.005429186794762693,3,-3,0.5,4,3,4.0,0.5714285714285714,https://github.com/CSSEGISandData/COVID-19,0,0,0.0
0.0,8,1,1.1428571428571428,Mexico,MX,2020-03-11,71,0,0,0.0,5.190893069684433,3.1023924541501105E-8,2020-04-10T18:20:15.751,0.00620478490830022,4,1,1.3333333333333333,4,0,1.0,0.5,https://github.com/CSSEGISandData/COVID-19,0,0,0.0
0.0,12,4,1.5,Mexico,MX,2020-03-12,72,0,0,0.0,1.7095112913514547,3.1023924541501105E-8,2020-04-10T18:20:16.531,0.00930717736245033,8,4,2.0,4,0,1.0,0.3333333333333333,https://github.com/CSSEGISandData/COVID-19,0,0,0.0
0.0,12,0,1.0,Mexico,MX,2020-03-13,73,0,0,0.0,0.0,3.1023924541501105E-8,2020-04-10T18:20:17.077,0.00930717736245033,8,0,1.0,4,0,1.0,0.3333333333333333,https://github.com/CSSEGISandData/COVID-19,0,0,0.0
0.0,26,14,2.1666666666666665,Mexico,MX,2020-03-14,74,0,0,0.0,0.8964772963386638,3.1023924541501105E-8,2020-04-10T18:20:17.662,0.020165550951975718,22,14,2.75,4,0,1.0,0.15384615384615385,https://github.com/CSSEGISandData/COVID-19,0,0,0.0
0.0,41,15,1.5769230769230769,Mexico,MX,2020-03-15,75,0,0,0.0,1.5218099259128899,3.1023924541501105E-8,2020-04-10T18:20:18.561,0.03179952265503863,37,15,1.6818181818181819,4,0,1.0,0.0975609756097561,https://github.com/CSSEGISandData/COVID-19,0,0,0.0
0.0,53,12,1.2926829268292683,Mexico,MX,2020-03-16,76,0,0,0.0,2.7000139999726995,3.1023924541501105E-8,2020-04-10T18:20:19.155,0.04110670001748896,49,12,1.3243243243243243,4,0,1.0,0.07547169811320754,https://github.com/CSSEGISandData/COVID-19,0,0,0.0
0.0,82,29,1.5471698113207548,Mexico,MX,2020-03-17,77,0,0,0.0,1.5882304498763293,3.1023924541501105E-8,2020-04-10T18:20:20.100,0.06359904531007726,78,29,1.5918367346938775,4,0,1.0,0.04878048780487805,https://github.com/CSSEGISandData/COVID-19,0,0,0.0
0.0,93,11,1.1341463414634145,Mexico,MX,2020-03-18,78,0,0,0.0,5.506401545887834,3.1023924541501105E-8,2020-04-10T18:20:21.335,0.07213062455899007,89,11,1.141025641025641,4,0,1.0,0.043010752688172046,https://github.com/CSSEGISandData/COVID-19,0,0,0.0
0.00847457627118644,118,25,1.2688172043010753,Mexico,MX,2020-03-19,79,1,0,0.0,2.9113417404063613,3.1023924541501105E-8,2020-04-10T18:20:21.902,0.09152057739742825,113,24,1.2696629213483146,4,0,1.0,0.03389830508474576,https://github.com/CSSEGISandData/COVID-19,0,0,0.0
0.006097560975609756,164,46,1.3898305084745763,Mexico,MX,2020-03-20,80,1,0,1.0,2.1056667576639794,3.1023924541501105E-8,2020-04-10T18:20:22.473,0.12719809062015452,159,46,1.407079646017699,4,0,1.0,0.024390243902439025,https://github.com/CSSEGISandData/COVID-19,0,0,0.0
0.009852216748768473,203,39,1.2378048780487805,Mexico,MX,2020-03-21,81,2,1,2.0,3.2490327114872,3.1023924541501105E-8,2020-04-10T18:20:23.272,0.1574464170481181,197,38,1.2389937106918238,4,0,1.0,0.019704433497536946,https://github.com/CSSEGISandData/COVID-19,0,0,0.0
0.00796812749003984,251,48,1.2364532019704433,Mexico,MX,2020-03-22,82,2,0,1.0,3.2657578712365942,3.1023924541501105E-8,2020-04-10T18:20:23.899,0.19467512649791943,245,48,1.2436548223350254,4,0,1.0,0.01593625498007968,https://github.com/CSSEGISandData/COVID-19,0,0,0.0
0.00949367088607595,316,65,1.2589641434262948,Mexico,MX,2020-03-23,83,3,1,1.5,3.009897800060179,3.1023924541501105E-8,2020-04-10T18:20:24.537,0.2450890038778587,309,64,1.2612244897959184,4,0,1.0,0.012658227848101266,https://github.com/CSSEGISandData/COVID-19,0,0,0.0
0.010899182561307902,367,51,1.1613924050632911,Mexico,MX,2020-03-24,84,4,1,1.3333333333333333,4.632728739287065,3.1023924541501105E-8,2020-04-10T18:20:25.183,0.2846445076682726,359,50,1.161812297734628,4,0,1.0,0.010899182561307902,https://github.com/CSSEGISandData/COVID-19,0,0,0.0
0.012345679012345678,405,38,1.103542234332425,Mexico,MX,2020-03-25,85,5,1,1.25,7.035225977973545,3.1023924541501105E-8,2020-04-10T18:20:25.786,0.31411723598269864,396,37,1.1030640668523677,4,0,1.0,0.009876543209876543,https://github.com/CSSEGISandData/COVID-19,0,0,0.0
0.01263157894736842,475,70,1.1728395061728396,Mexico,MX,2020-03-26,86,6,1,1.2,4.3477201264704455,3.1023924541501105E-8,2020-04-10T18:20:26.391,0.3684091039303256,465,69,1.1742424242424243,4,0,1.0,0.008421052631578947,https://github.com/CSSEGISandData/COVID-19,0,0,0.0
0.013675213675213675,585,110,1.231578947368421,Mexico,MX,2020-03-27,87,8,2,1.3333333333333333,3.3276861251634506,3.1023924541501105E-8,2020-04-10T18:20:27.220,0.4537248964194536,573,108,1.232258064516129,4,0,1.0,0.006837606837606838,https://github.com/CSSEGISandData/COVID-19,0,0,0.0
0.016736401673640166,717,132,1.2256410256410257,Mexico,MX,2020-03-28,88,12,4,1.5,3.4067314274475695,3.1023924541501105E-8,2020-04-10T18:20:28.135,0.5561038474064073,701,128,1.2233856893542758,4,0,1.0,0.005578800557880056,https://github.com/CSSEGISandData/COVID-19,0,0,0.0
0.018867924528301886,848,131,1.1827057182705718,Mexico,MX,2020-03-29,89,16,4,1.3333333333333333,4.13067564467206,3.1023924541501105E-8,2020-04-10T18:20:29.061,0.6577072002798233,828,127,1.181169757489301,4,0,1.0,0.0047169811320754715,https://github.com/CSSEGISandData/COVID-19,0,0,0.0
0.02014098690835851,993,145,1.1709905660377358,Mexico,MX,2020-03-30,90,20,4,1.25,4.391175524199429,2.7145933973813464E-7,2020-04-10T18:20:29.978,0.7701689267427648,938,110,1.1328502415458936,35,31,8.75,0.035246727089627394,https://github.com/CSSEGISandData/COVID-19,0,0,0.0
0.025594149908592323,1094,101,1.1017119838872105,Mexico,MX,2020-03-31,91,28,8,1.4,7.155782773115323,2.7145933973813464E-7,2020-04-10T18:20:30.888,0.8485043362100552,1031,93,1.0991471215351811,35,0,1.0,0.031992687385740404,https://github.com/CSSEGISandData/COVID-19,0,0,0.0
0.023868312757201648,1215,121,1.1106032906764167,Mexico,MX,2020-04-01,92,29,1,1.0357142857142858,6.607482315459289,2.7145933973813464E-7,2020-04-10T18:20:31.902,0.942351707948096,1151,120,1.11639185257032,35,0,1.0,0.02880658436213992,https://github.com/CSSEGISandData/COVID-19,0,0,0.0
0.026850507982583455,1378,163,1.134156378600823,Mexico,MX,2020-04-02,93,37,8,1.2758620689655173,5.506014449948084,2.7145933973813464E-7,2020-04-10T18:20:32.753,1.068774200454713,1306,155,1.1346655082536925,35,0,1.0,0.02539912917271408,https://github.com/CSSEGISandData/COVID-19,0,0,0.0
0.033112582781456956,1510,132,1.0957910014513788,Mexico,MX,2020-04-03,94,50,13,1.3513513513513513,7.577326914318887,4.90953605869255E-6,2020-04-10T18:20:33.749,1.1711531514416667,827,-479,0.6332312404287902,633,598,18.085714285714285,0.419205298013245,https://github.com/CSSEGISandData/COVID-19,0,0,0.0
0.035545023696682464,1688,178,1.1178807947019866,Mexico,MX,2020-04-04,95,60,10,1.2,6.220206977652746,4.90953605869255E-6,2020-04-10T18:20:34.760,1.3092096156513466,995,168,1.203143893591294,633,0,1.0,0.375,https://github.com/CSSEGISandData/COVID-19,0,0,0.0
0.0417989417989418,1890,202,1.1196682464454977,Mexico,MX,2020-04-05,96,79,19,1.3166666666666667,6.1322857766562695,4.90953605869255E-6,2020-04-10T18:20:35.390,1.465880434585927,1178,183,1.1839195979899497,633,0,1.0,0.3349206349206349,https://github.com/CSSEGISandData/COVID-19,0,0,0.0
0.04386374241717219,2143,253,1.133862433862434,Mexico,MX,2020-04-06,97,94,15,1.1898734177215189,5.51737484443698,4.90953605869255E-6,2020-04-11T12:17:16.992,1.6621067573109216,1416,238,1.202037351443124,633,0,1.0,0.295380307979468,https://github.com/CSSEGISandData/COVID-19,0,0,0.0
0.05125051250512505,2439,296,1.1381241250583294,Mexico,MX,2020-04-07,98,125,31,1.3297872340425532,5.357394230299962,4.90953605869255E-6,2020-04-11T12:17:19.463,1.8916837989180297,1681,265,1.1871468926553672,633,0,1.0,0.25953259532595324,https://github.com/CSSEGISandData/COVID-19,0,0,0.0
0.05062836624775584,2785,346,1.1418614186141862,Mexico,MX,2020-04-08,99,141,16,1.128,5.224999737297078,4.90953605869255E-6,2020-04-11T12:17:20.796,2.1600407462020144,2011,330,1.1963117192147532,633,0,1.0,0.2272890484739677,https://github.com/CSSEGISandData/COVID-19,0,0,0.0
0.05469977994341402,3181,396,1.1421903052064633,Mexico,MX,2020-04-09,100,174,33,1.2340425531914894,5.213681584598362,4.90953605869255E-6,2020-04-11T12:17:21.822,2.4671775991628753,2374,363,1.180507210343113,633,0,1.0,0.1989940270355234,https://github.com/CSSEGISandData/COVID-19,0,0,0.0
0.056378959604766056,3441,260,1.081735303363722,Mexico,MX,2020-04-10,101,194,20,1.1149425287356323,8.822425036364763,4.90953605869255E-6,2020-04-11T12:17:22.499,2.6688331086826325,2614,240,1.101095197978096,633,0,1.0,0.1839581517000872,https://github.com/CSSEGISandData/COVID-19,0,0,0.0
