caseFatalityRisk,confirmed,confirmedDelta,confirmedGrowthRate,country,countryCode,dateId,dayId,deceased,deceasedDelta,deceasedGrowthRate,doublingTime,immunizationRate,importDate,incidencePer100k,infectious,infectiousDelta,infectiousGrowthRate,recovered,recoveredDelta,recoveredGrowthRate,recoveryRate,source,tested,testedDelta,testedPer1k
0.0,0,0,0.0,North Macedonia,MK,2020-01-22,22,0,0,0.0,0.0,0.0,2020-04-10T18:19:43.352,0.0,0,0,0.0,0,0,0.0,0.0,https://github.com/CSSEGISandData/COVID-19,0,0,0.0
0.0,0,0,0.0,North Macedonia,MK,2020-01-23,23,0,0,0.0,0.0,0.0,2020-04-10T18:19:44.043,0.0,0,0,0.0,0,0,0.0,0.0,https://github.com/CSSEGISandData/COVID-19,0,0,0.0
0.0,0,0,0.0,North Macedonia,MK,2020-01-24,24,0,0,0.0,0.0,0.0,2020-04-10T18:19:44.820,0.0,0,0,0.0,0,0,0.0,0.0,https://github.com/CSSEGISandData/COVID-19,0,0,0.0
0.0,0,0,0.0,North Macedonia,MK,2020-01-25,25,0,0,0.0,0.0,0.0,2020-04-10T18:19:45.369,0.0,0,0,0.0,0,0,0.0,0.0,https://github.com/CSSEGISandData/COVID-19,0,0,0.0
0.0,0,0,0.0,North Macedonia,MK,2020-01-26,26,0,0,0.0,0.0,0.0,2020-04-10T18:19:46.407,0.0,0,0,0.0,0,0,0.0,0.0,https://github.com/CSSEGISandData/COVID-19,0,0,0.0
0.0,0,0,0.0,North Macedonia,MK,2020-01-27,27,0,0,0.0,0.0,0.0,2020-04-10T18:19:47.315,0.0,0,0,0.0,0,0,0.0,0.0,https://github.com/CSSEGISandData/COVID-19,0,0,0.0
0.0,0,0,0.0,North Macedonia,MK,2020-01-28,28,0,0,0.0,0.0,0.0,2020-04-10T18:19:47.901,0.0,0,0,0.0,0,0,0.0,0.0,https://github.com/CSSEGISandData/COVID-19,0,0,0.0
0.0,0,0,0.0,North Macedonia,MK,2020-01-29,29,0,0,0.0,0.0,0.0,2020-04-10T18:19:48.482,0.0,0,0,0.0,0,0,0.0,0.0,https://github.com/CSSEGISandData/COVID-19,0,0,0.0
0.0,0,0,0.0,North Macedonia,MK,2020-01-30,30,0,0,0.0,0.0,0.0,2020-04-10T18:19:49.375,0.0,0,0,0.0,0,0,0.0,0.0,https://github.com/CSSEGISandData/COVID-19,0,0,0.0
0.0,0,0,0.0,North Macedonia,MK,2020-01-31,31,0,0,0.0,0.0,0.0,2020-04-10T18:19:49.939,0.0,0,0,0.0,0,0,0.0,0.0,https://github.com/CSSEGISandData/COVID-19,0,0,0.0
0.0,0,0,0.0,North Macedonia,MK,2020-02-01,32,0,0,0.0,0.0,0.0,2020-04-10T18:19:50.502,0.0,0,0,0.0,0,0,0.0,0.0,https://github.com/CSSEGISandData/COVID-19,0,0,0.0
0.0,0,0,0.0,North Macedonia,MK,2020-02-02,33,0,0,0.0,0.0,0.0,2020-04-10T18:19:51.050,0.0,0,0,0.0,0,0,0.0,0.0,https://github.com/CSSEGISandData/COVID-19,0,0,0.0
0.0,0,0,0.0,North Macedonia,MK,2020-02-03,34,0,0,0.0,0.0,0.0,2020-04-10T18:19:52.037,0.0,0,0,0.0,0,0,0.0,0.0,https://github.com/CSSEGISandData/COVID-19,0,0,0.0
0.0,0,0,0.0,North Macedonia,MK,2020-02-04,35,0,0,0.0,0.0,0.0,2020-04-10T18:19:52.960,0.0,0,0,0.0,0,0,0.0,0.0,https://github.com/CSSEGISandData/COVID-19,0,0,0.0
0.0,0,0,0.0,North Macedonia,MK,2020-02-05,36,0,0,0.0,0.0,0.0,2020-04-10T18:19:53.742,0.0,0,0,0.0,0,0,0.0,0.0,https://github.com/CSSEGISandData/COVID-19,0,0,0.0
0.0,0,0,0.0,North Macedonia,MK,2020-02-06,37,0,0,0.0,0.0,0.0,2020-04-10T18:19:54.403,0.0,0,0,0.0,0,0,0.0,0.0,https://github.com/CSSEGISandData/COVID-19,0,0,0.0
0.0,0,0,0.0,North Macedonia,MK,2020-02-07,38,0,0,0.0,0.0,0.0,2020-04-10T18:19:54.947,0.0,0,0,0.0,0,0,0.0,0.0,https://github.com/CSSEGISandData/COVID-19,0,0,0.0
0.0,0,0,0.0,North Macedonia,MK,2020-02-08,39,0,0,0.0,0.0,0.0,2020-04-10T18:19:55.491,0.0,0,0,0.0,0,0,0.0,0.0,https://github.com/CSSEGISandData/COVID-19,0,0,0.0
0.0,0,0,0.0,North Macedonia,MK,2020-02-09,40,0,0,0.0,0.0,0.0,2020-04-10T18:19:56.065,0.0,0,0,0.0,0,0,0.0,0.0,https://github.com/CSSEGISandData/COVID-19,0,0,0.0
0.0,0,0,0.0,North Macedonia,MK,2020-02-10,41,0,0,0.0,0.0,0.0,2020-04-10T18:19:56.631,0.0,0,0,0.0,0,0,0.0,0.0,https://github.com/CSSEGISandData/COVID-19,0,0,0.0
0.0,0,0,0.0,North Macedonia,MK,2020-02-11,42,0,0,0.0,0.0,0.0,2020-04-10T18:19:57.180,0.0,0,0,0.0,0,0,0.0,0.0,https://github.com/CSSEGISandData/COVID-19,0,0,0.0
0.0,0,0,0.0,North Macedonia,MK,2020-02-12,43,0,0,0.0,0.0,0.0,2020-04-10T18:19:57.978,0.0,0,0,0.0,0,0,0.0,0.0,https://github.com/CSSEGISandData/COVID-19,0,0,0.0
0.0,0,0,0.0,North Macedonia,MK,2020-02-13,44,0,0,0.0,0.0,0.0,2020-04-10T18:19:58.542,0.0,0,0,0.0,0,0,0.0,0.0,https://github.com/CSSEGISandData/COVID-19,0,0,0.0
0.0,0,0,0.0,North Macedonia,MK,2020-02-14,45,0,0,0.0,0.0,0.0,2020-04-10T18:19:59.135,0.0,0,0,0.0,0,0,0.0,0.0,https://github.com/CSSEGISandData/COVID-19,0,0,0.0
0.0,0,0,0.0,North Macedonia,MK,2020-02-15,46,0,0,0.0,0.0,0.0,2020-04-10T18:19:59.698,0.0,0,0,0.0,0,0,0.0,0.0,https://github.com/CSSEGISandData/COVID-19,0,0,0.0
0.0,0,0,0.0,North Macedonia,MK,2020-02-16,47,0,0,0.0,0.0,0.0,2020-04-10T18:20:00.276,0.0,0,0,0.0,0,0,0.0,0.0,https://github.com/CSSEGISandData/COVID-19,0,0,0.0
0.0,0,0,0.0,North Macedonia,MK,2020-02-17,48,0,0,0.0,0.0,0.0,2020-04-10T18:20:01.153,0.0,0,0,0.0,0,0,0.0,0.0,https://github.com/CSSEGISandData/COVID-19,0,0,0.0
0.0,0,0,0.0,North Macedonia,MK,2020-02-18,49,0,0,0.0,0.0,0.0,2020-04-10T18:20:01.716,0.0,0,0,0.0,0,0,0.0,0.0,https://github.com/CSSEGISandData/COVID-19,0,0,0.0
0.0,0,0,0.0,North Macedonia,MK,2020-02-19,50,0,0,0.0,0.0,0.0,2020-04-10T18:20:02.512,0.0,0,0,0.0,0,0,0.0,0.0,https://github.com/CSSEGISandData/COVID-19,0,0,0.0
0.0,0,0,0.0,North Macedonia,MK,2020-02-20,51,0,0,0.0,0.0,0.0,2020-04-10T18:20:03.082,0.0,0,0,0.0,0,0,0.0,0.0,https://github.com/CSSEGISandData/COVID-19,0,0,0.0
0.0,0,0,0.0,North Macedonia,MK,2020-02-21,52,0,0,0.0,0.0,0.0,2020-04-10T18:20:03.898,0.0,0,0,0.0,0,0,0.0,0.0,https://github.com/CSSEGISandData/COVID-19,0,0,0.0
0.0,0,0,0.0,North Macedonia,MK,2020-02-22,53,0,0,0.0,0.0,0.0,2020-04-10T18:20:04.690,0.0,0,0,0.0,0,0,0.0,0.0,https://github.com/CSSEGISandData/COVID-19,0,0,0.0
0.0,0,0,0.0,North Macedonia,MK,2020-02-23,54,0,0,0.0,0.0,0.0,2020-04-10T18:20:05.298,0.0,0,0,0.0,0,0,0.0,0.0,https://github.com/CSSEGISandData/COVID-19,0,0,0.0
0.0,0,0,0.0,North Macedonia,MK,2020-02-24,55,0,0,0.0,0.0,0.0,2020-04-10T18:20:05.884,0.0,0,0,0.0,0,0,0.0,0.0,https://github.com/CSSEGISandData/COVID-19,0,0,0.0
0.0,0,0,0.0,North Macedonia,MK,2020-02-25,56,0,0,0.0,0.0,0.0,2020-04-10T18:20:06.477,0.0,0,0,0.0,0,0,0.0,0.0,https://github.com/CSSEGISandData/COVID-19,0,0,0.0
0.0,1,0,0.0,North Macedonia,MK,2020-02-26,57,0,0,0.0,0.0,0.0,2020-04-10T18:20:07.046,0.047999063058289104,1,0,0.0,0,0,0.0,0.0,https://github.com/CSSEGISandData/COVID-19,0,0,0.0
0.0,1,0,1.0,North Macedonia,MK,2020-02-27,58,0,0,0.0,0.0,0.0,2020-04-10T18:20:07.605,0.047999063058289104,1,0,1.0,0,0,0.0,0.0,https://github.com/CSSEGISandData/COVID-19,0,0,0.0
0.0,1,0,1.0,North Macedonia,MK,2020-02-28,59,0,0,0.0,0.0,0.0,2020-04-10T18:20:08.151,0.047999063058289104,1,0,1.0,0,0,0.0,0.0,https://github.com/CSSEGISandData/COVID-19,0,0,0.0
0.0,1,0,1.0,North Macedonia,MK,2020-02-29,60,0,0,0.0,0.0,0.0,2020-04-10T18:20:08.726,0.047999063058289104,1,0,1.0,0,0,0.0,0.0,https://github.com/CSSEGISandData/COVID-19,0,0,0.0
0.0,1,0,1.0,North Macedonia,MK,2020-03-01,61,0,0,0.0,0.0,0.0,2020-04-10T18:20:09.647,0.047999063058289104,1,0,1.0,0,0,0.0,0.0,https://github.com/CSSEGISandData/COVID-19,0,0,0.0
0.0,1,0,1.0,North Macedonia,MK,2020-03-02,62,0,0,0.0,0.0,0.0,2020-04-10T18:20:10.275,0.047999063058289104,1,0,1.0,0,0,0.0,0.0,https://github.com/CSSEGISandData/COVID-19,0,0,0.0
0.0,1,0,1.0,North Macedonia,MK,2020-03-03,63,0,0,0.0,0.0,0.0,2020-04-10T18:20:10.861,0.047999063058289104,1,0,1.0,0,0,0.0,0.0,https://github.com/CSSEGISandData/COVID-19,0,0,0.0
0.0,1,0,1.0,North Macedonia,MK,2020-03-04,64,0,0,0.0,0.0,0.0,2020-04-10T18:20:11.405,0.047999063058289104,1,0,1.0,0,0,0.0,0.0,https://github.com/CSSEGISandData/COVID-19,0,0,0.0
0.0,1,0,1.0,North Macedonia,MK,2020-03-05,65,0,0,0.0,0.0,0.0,2020-04-10T18:20:12.002,0.047999063058289104,1,0,1.0,0,0,0.0,0.0,https://github.com/CSSEGISandData/COVID-19,0,0,0.0
0.0,3,2,3.0,North Macedonia,MK,2020-03-06,66,0,0,0.0,0.6309297535714574,0.0,2020-04-10T18:20:12.584,0.1439971891748673,3,2,3.0,0,0,0.0,0.0,https://github.com/CSSEGISandData/COVID-19,0,0,0.0
0.0,3,0,1.0,North Macedonia,MK,2020-03-07,67,0,0,0.0,0.0,0.0,2020-04-10T18:20:13.164,0.1439971891748673,3,0,1.0,0,0,0.0,0.0,https://github.com/CSSEGISandData/COVID-19,0,0,0.0
0.0,3,0,1.0,North Macedonia,MK,2020-03-08,68,0,0,0.0,0.0,0.0,2020-04-10T18:20:14.083,0.1439971891748673,3,0,1.0,0,0,0.0,0.0,https://github.com/CSSEGISandData/COVID-19,0,0,0.0
0.0,3,0,1.0,North Macedonia,MK,2020-03-09,69,0,0,0.0,0.0,0.0,2020-04-10T18:20:14.634,0.1439971891748673,3,0,1.0,0,0,0.0,0.0,https://github.com/CSSEGISandData/COVID-19,0,0,0.0
0.0,7,4,2.3333333333333335,North Macedonia,MK,2020-03-10,70,0,0,0.0,0.8180678991012515,0.0,2020-04-10T18:20:15.233,0.33599344140802373,7,4,2.3333333333333335,0,0,0.0,0.0,https://github.com/CSSEGISandData/COVID-19,0,0,0.0
0.0,7,0,1.0,North Macedonia,MK,2020-03-11,71,0,0,0.0,0.0,0.0,2020-04-10T18:20:15.750,0.33599344140802373,7,0,1.0,0,0,0.0,0.0,https://github.com/CSSEGISandData/COVID-19,0,0,0.0
0.0,7,0,1.0,North Macedonia,MK,2020-03-12,72,0,0,0.0,0.0,0.0,2020-04-10T18:20:16.529,0.33599344140802373,7,0,1.0,0,0,0.0,0.0,https://github.com/CSSEGISandData/COVID-19,0,0,0.0
0.0,14,7,2.0,North Macedonia,MK,2020-03-13,73,0,0,0.0,1.0,4.79990630582891E-7,2020-04-10T18:20:17.076,0.6719868828160475,13,6,1.8571428571428572,1,0,0.0,0.07142857142857142,https://github.com/CSSEGISandData/COVID-19,0,0,0.0
0.0,14,0,1.0,North Macedonia,MK,2020-03-14,74,0,0,0.0,0.0,4.79990630582891E-7,2020-04-10T18:20:17.661,0.6719868828160475,13,0,1.0,1,0,1.0,0.07142857142857142,https://github.com/CSSEGISandData/COVID-19,0,0,0.0
0.0,14,0,1.0,North Macedonia,MK,2020-03-15,75,0,0,0.0,0.0,4.79990630582891E-7,2020-04-10T18:20:18.560,0.6719868828160475,13,0,1.0,1,0,1.0,0.07142857142857142,https://github.com/CSSEGISandData/COVID-19,0,0,0.0
0.0,18,4,1.2857142857142858,North Macedonia,MK,2020-03-16,76,0,0,0.0,2.758087489450393,4.79990630582891E-7,2020-04-10T18:20:19.153,0.8639831350492039,17,4,1.3076923076923077,1,0,1.0,0.05555555555555555,https://github.com/CSSEGISandData/COVID-19,0,0,0.0
0.0,26,8,1.4444444444444444,North Macedonia,MK,2020-03-17,77,0,0,0.0,1.8849618465302416,4.79990630582891E-7,2020-04-10T18:20:20.099,1.2479756395155168,25,8,1.4705882352941178,1,0,1.0,0.038461538461538464,https://github.com/CSSEGISandData/COVID-19,0,0,0.0
0.0,35,9,1.3461538461538463,North Macedonia,MK,2020-03-18,78,0,0,0.0,2.331854089335639,4.79990630582891E-7,2020-04-10T18:20:21.333,1.6799672070401186,34,9,1.36,1,0,1.0,0.02857142857142857,https://github.com/CSSEGISandData/COVID-19,0,0,0.0
0.0,48,13,1.3714285714285714,North Macedonia,MK,2020-03-19,79,0,0,0.0,2.194524958010085,4.79990630582891E-7,2020-04-10T18:20:21.900,2.303955026797877,47,13,1.3823529411764706,1,0,1.0,0.020833333333333332,https://github.com/CSSEGISandData/COVID-19,0,0,0.0
0.0,67,19,1.3958333333333333,North Macedonia,MK,2020-03-20,80,0,0,0.0,2.0784546385224054,4.79990630582891E-7,2020-04-10T18:20:22.472,3.21593722490537,66,19,1.4042553191489362,1,0,1.0,0.014925373134328358,https://github.com/CSSEGISandData/COVID-19,0,0,0.0
0.0,85,18,1.2686567164179106,North Macedonia,MK,2020-03-21,81,0,0,0.0,2.9128893534154354,4.79990630582891E-7,2020-04-10T18:20:23.271,4.079920359954574,84,18,1.2727272727272727,1,0,1.0,0.011764705882352941,https://github.com/CSSEGISandData/COVID-19,0,0,0.0
0.008695652173913044,115,30,1.3529411764705883,North Macedonia,MK,2020-03-22,82,1,0,0.0,2.293056706715189,4.79990630582891E-7,2020-04-10T18:20:23.898,5.519892251703247,113,29,1.3452380952380953,1,0,1.0,0.008695652173913044,https://github.com/CSSEGISandData/COVID-19,0,0,0.0
0.014705882352941176,136,21,1.182608695652174,North Macedonia,MK,2020-03-23,83,2,1,2.0,4.132696071882887,4.79990630582891E-7,2020-04-10T18:20:24.536,6.527872575927319,133,20,1.176991150442478,1,0,1.0,0.007352941176470588,https://github.com/CSSEGISandData/COVID-19,0,0,0.0
0.013513513513513514,148,12,1.088235294117647,North Macedonia,MK,2020-03-24,84,2,0,1.0,8.197357992301075,4.79990630582891E-7,2020-04-10T18:20:25.182,7.103861332626788,145,12,1.0902255639097744,1,0,1.0,0.006756756756756757,https://github.com/CSSEGISandData/COVID-19,0,0,0.0
0.01694915254237288,177,29,1.195945945945946,North Macedonia,MK,2020-03-25,85,3,1,1.5,3.8736840523540264,4.79990630582891E-7,2020-04-10T18:20:25.785,8.495834161317172,173,28,1.193103448275862,1,0,1.0,0.005649717514124294,https://github.com/CSSEGISandData/COVID-19,0,0,0.0
0.014925373134328358,201,24,1.1355932203389831,North Macedonia,MK,2020-03-26,86,3,0,1.0,5.451191254424153,1.4399718917486731E-6,2020-04-10T18:20:26.390,9.64781167471611,195,22,1.1271676300578035,3,2,3.0,0.014925373134328358,https://github.com/CSSEGISandData/COVID-19,0,0,0.0
0.0136986301369863,219,18,1.0895522388059702,North Macedonia,MK,2020-03-27,87,3,0,1.0,8.081763627902387,1.4399718917486731E-6,2020-04-10T18:20:27.219,10.511794809765314,213,18,1.0923076923076922,3,0,1.0,0.0136986301369863,https://github.com/CSSEGISandData/COVID-19,0,0,0.0
0.016597510373443983,241,22,1.1004566210045663,North Macedonia,MK,2020-03-28,88,4,1,1.3333333333333333,7.241010245529459,1.4399718917486731E-6,2020-04-10T18:20:28.134,11.567774197047674,234,21,1.0985915492957747,3,0,1.0,0.012448132780082987,https://github.com/CSSEGISandData/COVID-19,0,0,0.0
0.023166023166023165,259,18,1.0746887966804979,North Macedonia,MK,2020-03-29,89,6,2,1.5,9.622883853073787,1.4399718917486731E-6,2020-04-10T18:20:29.060,12.431757332096879,250,16,1.0683760683760684,3,0,1.0,0.011583011583011582,https://github.com/CSSEGISandData/COVID-19,0,0,0.0
0.02456140350877193,285,26,1.1003861003861004,North Macedonia,MK,2020-03-30,90,7,1,1.1666666666666667,7.245861128616885,5.7598875669946925E-6,2020-04-10T18:20:29.977,13.679732971612395,266,16,1.064,12,9,4.0,0.042105263157894736,https://github.com/CSSEGISandData/COVID-19,0,0,0.0
0.02735562310030395,329,44,1.1543859649122807,North Macedonia,MK,2020-03-31,91,9,2,1.2857142857142858,4.827986920548007,5.7598875669946925E-6,2020-04-10T18:20:30.887,15.791691746177115,308,42,1.1578947368421053,12,0,1.0,0.0364741641337386,https://github.com/CSSEGISandData/COVID-19,0,0,0.0
0.031073446327683617,354,25,1.0759878419452888,North Macedonia,MK,2020-04-01,92,11,2,1.2222222222222223,9.464160404693374,8.159840719909147E-6,2020-04-10T18:20:31.901,16.991668322634343,326,18,1.0584415584415585,17,5,1.4166666666666667,0.0480225988700565,https://github.com/CSSEGISandData/COVID-19,0,0,0.0
0.028645833333333332,384,30,1.0847457627118644,North Macedonia,MK,2020-04-02,93,11,0,1.0,8.521012130617246,8.159840719909147E-6,2020-04-10T18:20:32.752,18.431640214383016,356,30,1.0920245398773005,17,0,1.0,0.044270833333333336,https://github.com/CSSEGISandData/COVID-19,0,0,0.0
0.027906976744186046,430,46,1.1197916666666667,North Macedonia,MK,2020-04-03,94,12,1,1.0909090909090908,6.126311724094944,9.599812611657821E-6,2020-04-10T18:20:33.748,20.639597115064316,398,42,1.1179775280898876,20,3,1.1764705882352942,0.046511627906976744,https://github.com/CSSEGISandData/COVID-19,0,0,0.0
0.035196687370600416,483,53,1.1232558139534883,North Macedonia,MK,2020-04-04,95,17,5,1.4166666666666667,5.963508246575441,9.599812611657821E-6,2020-04-10T18:20:34.759,23.183547457153637,446,48,1.120603015075377,20,0,1.0,0.041407867494824016,https://github.com/CSSEGISandData/COVID-19,0,0,0.0
0.032432432432432434,555,72,1.1490683229813665,North Macedonia,MK,2020-04-05,96,18,1,1.0588235294117647,4.988412357032619,1.1039784503406494E-5,2020-04-10T18:20:35.389,26.639479997350453,514,68,1.1524663677130045,23,3,1.15,0.04144144144144144,https://github.com/CSSEGISandData/COVID-19,0,0,0.0
0.04035087719298246,570,15,1.027027027027027,North Macedonia,MK,2020-04-06,97,23,5,1.2777777777777777,25.991478870900373,1.439971891748673E-5,2020-04-11T12:17:16.987,27.35946594322479,517,3,1.0058365758754864,30,7,1.3043478260869565,0.05263157894736842,https://github.com/CSSEGISandData/COVID-19,0,0,0.0
0.04340567612687813,599,29,1.050877192982456,North Macedonia,MK,2020-04-07,98,26,3,1.1304347826086956,13.967634583856618,1.439971891748673E-5,2020-04-11T12:17:19.460,28.751438771915176,543,26,1.0502901353965184,30,0,1.0,0.05008347245409015,https://github.com/CSSEGISandData/COVID-19,0,0,0.0
0.04700162074554295,617,18,1.0300500834724542,North Macedonia,MK,2020-04-08,99,29,3,1.1153846153846154,23.411261265256506,1.6799672070401185E-5,2020-04-11T12:17:20.793,29.61542190696438,553,10,1.01841620626151,35,5,1.1666666666666667,0.05672609400324149,https://github.com/CSSEGISandData/COVID-19,0,0,0.0
0.04524886877828054,663,46,1.0745542949756888,North Macedonia,MK,2020-04-09,100,30,1,1.0344827586206897,9.63963376635914,1.7759653331566968E-5,2020-04-11T12:17:21.821,31.82337880764568,596,43,1.077757685352622,37,2,1.0571428571428572,0.05580693815987934,https://github.com/CSSEGISandData/COVID-19,0,0,0.0
0.0450070323488045,711,48,1.0723981900452488,North Macedonia,MK,2020-04-10,101,32,2,1.0666666666666667,9.916631916051053,1.967961585389853E-5,2020-04-11T12:17:22.498,34.127333834443554,638,42,1.070469798657718,41,4,1.1081081081081081,0.057665260196905765,https://github.com/CSSEGISandData/COVID-19,0,0,0.0
