caseFatalityRisk,confirmed,confirmedDelta,confirmedGrowthRate,country,countryCode,dateId,dayId,deceased,deceasedDelta,deceasedGrowthRate,doublingTime,immunizationRate,importDate,incidencePer100k,recovered,recoveredDelta,recoveredGrowthRate,recoveryRate,source
,0,,,Norway,NO,2020-01-22,22,0,,,,0.0,2020-04-08T07:39:55.347,0.0,0,,,,https://github.com/CSSEGISandData/COVID-19
,0,,,Norway,NO,2020-01-23,23,0,,,,0.0,2020-04-08T07:39:57.121,0.0,0,,,,https://github.com/CSSEGISandData/COVID-19
,0,,,Norway,NO,2020-01-24,24,0,,,,0.0,2020-04-08T07:39:58.149,0.0,0,,,,https://github.com/CSSEGISandData/COVID-19
,0,,,Norway,NO,2020-01-25,25,0,,,,0.0,2020-04-08T07:39:59.170,0.0,0,,,,https://github.com/CSSEGISandData/COVID-19
,0,,,Norway,NO,2020-01-26,26,0,,,,0.0,2020-04-08T07:40:00.090,0.0,0,,,,https://github.com/CSSEGISandData/COVID-19
,0,,,Norway,NO,2020-01-27,27,0,,,,0.0,2020-04-08T07:40:01.016,0.0,0,,,,https://github.com/CSSEGISandData/COVID-19
,0,,,Norway,NO,2020-01-28,28,0,,,,0.0,2020-04-08T07:40:01.833,0.0,0,,,,https://github.com/CSSEGISandData/COVID-19
,0,,,Norway,NO,2020-01-29,29,0,,,,0.0,2020-04-08T07:40:02.754,0.0,0,,,,https://github.com/CSSEGISandData/COVID-19
,0,,,Norway,NO,2020-01-30,30,0,,,,0.0,2020-04-08T07:40:03.537,0.0,0,,,,https://github.com/CSSEGISandData/COVID-19
,0,,,Norway,NO,2020-01-31,31,0,,,,0.0,2020-04-08T07:40:04.394,0.0,0,,,,https://github.com/CSSEGISandData/COVID-19
,0,,,Norway,NO,2020-02-01,32,0,,,,0.0,2020-04-08T07:40:05.265,0.0,0,,,,https://github.com/CSSEGISandData/COVID-19
,0,,,Norway,NO,2020-02-02,33,0,,,,0.0,2020-04-08T07:40:06.133,0.0,0,,,,https://github.com/CSSEGISandData/COVID-19
,0,,,Norway,NO,2020-02-03,34,0,,,,0.0,2020-04-08T07:40:06.907,0.0,0,,,,https://github.com/CSSEGISandData/COVID-19
,0,,,Norway,NO,2020-02-04,35,0,,,,0.0,2020-04-08T07:40:07.635,0.0,0,,,,https://github.com/CSSEGISandData/COVID-19
,0,,,Norway,NO,2020-02-05,36,0,,,,0.0,2020-04-08T07:40:08.447,0.0,0,,,,https://github.com/CSSEGISandData/COVID-19
,0,,,Norway,NO,2020-02-06,37,0,,,,0.0,2020-04-08T07:40:09.252,0.0,0,,,,https://github.com/CSSEGISandData/COVID-19
,0,,,Norway,NO,2020-02-07,38,0,,,,0.0,2020-04-08T07:40:10.024,0.0,0,,,,https://github.com/CSSEGISandData/COVID-19
,0,,,Norway,NO,2020-02-08,39,0,,,,0.0,2020-04-08T07:40:10.841,0.0,0,,,,https://github.com/CSSEGISandData/COVID-19
,0,,,Norway,NO,2020-02-09,40,0,,,,0.0,2020-04-08T07:40:11.870,0.0,0,,,,https://github.com/CSSEGISandData/COVID-19
,0,,,Norway,NO,2020-02-10,41,0,,,,0.0,2020-04-08T07:40:12.688,0.0,0,,,,https://github.com/CSSEGISandData/COVID-19
,0,,,Norway,NO,2020-02-11,42,0,,,,0.0,2020-04-08T07:40:13.455,0.0,0,,,,https://github.com/CSSEGISandData/COVID-19
,0,,,Norway,NO,2020-02-12,43,0,,,,0.0,2020-04-08T07:40:14.290,0.0,0,,,,https://github.com/CSSEGISandData/COVID-19
,0,,,Norway,NO,2020-02-13,44,0,,,,0.0,2020-04-08T07:40:15.250,0.0,0,,,,https://github.com/CSSEGISandData/COVID-19
,0,,,Norway,NO,2020-02-14,45,0,,,,0.0,2020-04-08T07:40:16.073,0.0,0,,,,https://github.com/CSSEGISandData/COVID-19
,0,,,Norway,NO,2020-02-15,46,0,,,,0.0,2020-04-08T07:40:16.927,0.0,0,,,,https://github.com/CSSEGISandData/COVID-19
,0,,,Norway,NO,2020-02-16,47,0,,,,0.0,2020-04-08T07:40:17.708,0.0,0,,,,https://github.com/CSSEGISandData/COVID-19
,0,,,Norway,NO,2020-02-17,48,0,,,,0.0,2020-04-08T07:40:18.490,0.0,0,,,,https://github.com/CSSEGISandData/COVID-19
,0,,,Norway,NO,2020-02-18,49,0,,,,0.0,2020-04-08T07:40:19.352,0.0,0,,,,https://github.com/CSSEGISandData/COVID-19
,0,,,Norway,NO,2020-02-19,50,0,,,,0.0,2020-04-08T07:40:20.126,0.0,0,,,,https://github.com/CSSEGISandData/COVID-19
,0,,,Norway,NO,2020-02-20,51,0,,,,0.0,2020-04-08T07:40:20.881,0.0,0,,,,https://github.com/CSSEGISandData/COVID-19
,0,,,Norway,NO,2020-02-21,52,0,,,,0.0,2020-04-08T07:40:21.727,0.0,0,,,,https://github.com/CSSEGISandData/COVID-19
,0,,,Norway,NO,2020-02-22,53,0,,,,0.0,2020-04-08T07:40:22.499,0.0,0,,,,https://github.com/CSSEGISandData/COVID-19
,0,,,Norway,NO,2020-02-23,54,0,,,,0.0,2020-04-08T07:40:23.350,0.0,0,,,,https://github.com/CSSEGISandData/COVID-19
,0,,,Norway,NO,2020-02-24,55,0,,,,0.0,2020-04-08T07:40:24.129,0.0,0,,,,https://github.com/CSSEGISandData/COVID-19
,0,,,Norway,NO,2020-02-25,56,0,,,,0.0,2020-04-08T07:40:25.196,0.0,0,,,,https://github.com/CSSEGISandData/COVID-19
,1,0,0.0,Norway,NO,2020-02-26,57,0,0,0.0,-0.0,0.0,2020-04-08T07:40:26.014,0.018445960989374944,0,0,0.0,,https://github.com/CSSEGISandData/COVID-19
,1,0,1.0,Norway,NO,2020-02-27,58,0,0,0.0,,0.0,2020-04-08T07:40:26.812,0.018445960989374944,0,0,0.0,,https://github.com/CSSEGISandData/COVID-19
,6,5,6.0,Norway,NO,2020-02-28,59,0,0,0.0,0.3868528072345416,0.0,2020-04-08T07:40:27.652,0.11067576593624966,0,0,0.0,,https://github.com/CSSEGISandData/COVID-19
,15,9,2.5,Norway,NO,2020-02-29,60,0,0,0.0,0.75647079736603,0.0,2020-04-08T07:40:28.413,0.27668941484062415,0,0,0.0,,https://github.com/CSSEGISandData/COVID-19
,19,4,1.2666666666666666,Norway,NO,2020-03-01,61,0,0,0.0,2.932233865905457,0.0,2020-04-08T07:40:29.174,0.3504732587981239,0,0,0.0,,https://github.com/CSSEGISandData/COVID-19
,25,6,1.3157894736842106,Norway,NO,2020-03-02,62,0,0,0.0,2.5257074311122616,0.0,2020-04-08T07:40:29.998,0.4611490247343736,0,0,0.0,,https://github.com/CSSEGISandData/COVID-19
,32,7,1.28,Norway,NO,2020-03-03,63,0,0,0.0,2.807854499471603,0.0,2020-04-08T07:40:30.770,0.5902707516599982,0,0,0.0,,https://github.com/CSSEGISandData/COVID-19
,56,24,1.75,Norway,NO,2020-03-04,64,0,0,0.0,1.2386126258466668,0.0,2020-04-08T07:40:31.537,1.0329738154049968,0,0,0.0,,https://github.com/CSSEGISandData/COVID-19
,87,31,1.5535714285714286,Norway,NO,2020-03-05,65,0,0,0.0,1.573344835378733,0.0,2020-04-08T07:40:32.318,1.60479860607562,0,0,0.0,,https://github.com/CSSEGISandData/COVID-19
,108,21,1.2413793103448276,Norway,NO,2020-03-06,66,0,0,0.0,3.205703522929804,0.0,2020-04-08T07:40:33.182,1.9921637868524937,0,0,0.0,,https://github.com/CSSEGISandData/COVID-19
,147,39,1.3611111111111112,Norway,NO,2020-03-07,67,0,0,0.0,2.2482780528009605,0.0,2020-04-08T07:40:34.005,2.7115562654381167,0,0,0.0,,https://github.com/CSSEGISandData/COVID-19
,176,29,1.1972789115646258,Norway,NO,2020-03-08,68,0,0,0.0,3.8497181847157163,0.0,2020-04-08T07:40:35.057,3.2464891341299897,0,0,0.0,,https://github.com/CSSEGISandData/COVID-19
,205,29,1.1647727272727273,Norway,NO,2020-03-09,69,0,0,0.0,4.544453095312171,1.8445960989374942E-7,2020-04-08T07:40:35.856,3.7814220028218632,1,0,0.0,0.004878048780487805,https://github.com/CSSEGISandData/COVID-19
,400,195,1.951219512195122,Norway,NO,2020-03-10,70,0,0,0.0,1.0369398516721564,1.8445960989374942E-7,2020-04-08T07:40:36.668,7.378384395749977,1,0,1.0,0.0025,https://github.com/CSSEGISandData/COVID-19
,598,198,1.495,Norway,NO,2020-03-11,71,0,0,0.0,1.7237055649824153,1.8445960989374942E-7,2020-04-08T07:40:37.488,11.030684671646215,1,0,1.0,0.0016722408026755853,https://github.com/CSSEGISandData/COVID-19
,702,104,1.173913043478261,Norway,NO,2020-03-12,72,0,0,0.0,4.322912090045605,1.8445960989374942E-7,2020-04-08T07:40:38.407,12.949064614541209,1,0,1.0,0.0014245014245014246,https://github.com/CSSEGISandData/COVID-19
,996,294,1.4188034188034189,Norway,NO,2020-03-13,73,0,0,0.0,1.9814743570281732,1.8445960989374942E-7,2020-04-08T07:40:39.230,18.372177145417442,1,0,1.0,0.001004016064257028,https://github.com/CSSEGISandData/COVID-19
0.0027522935779816515,1090,94,1.0943775100401607,Norway,NO,2020-03-14,74,3,0,0.0,7.6857755164476504,1.8445960989374942E-7,2020-04-08T07:40:40.049,20.106097478418686,1,0,1.0,9.174311926605505E-4,https://github.com/CSSEGISandData/COVID-19
0.002457002457002457,1221,131,1.120183486238532,Norway,NO,2020-03-15,75,3,0,1.0,6.1074272516189625,1.8445960989374942E-7,2020-04-08T07:40:40.844,22.522518368026805,1,0,1.0,8.19000819000819E-4,https://github.com/CSSEGISandData/COVID-19
0.002250562640660165,1333,112,1.0917280917280918,Norway,NO,2020-03-16,76,3,0,1.0,7.898046948816982,1.8445960989374942E-7,2020-04-08T07:40:41.688,24.5884659988368,1,0,1.0,7.501875468867217E-4,https://github.com/CSSEGISandData/COVID-19
0.002050580997949419,1463,130,1.0975243810952737,Norway,NO,2020-03-17,77,3,0,1.0,7.4486237295706825,1.8445960989374942E-7,2020-04-08T07:40:42.236,26.98644092745554,1,0,1.0,6.83526999316473E-4,https://github.com/CSSEGISandData/COVID-19
0.003870967741935484,1550,87,1.0594668489405332,Norway,NO,2020-03-18,78,6,3,2.0,11.999263817838159,1.8445960989374942E-7,2020-04-08T07:40:43.242,28.591239533531162,1,0,1.0,6.451612903225806E-4,https://github.com/CSSEGISandData/COVID-19
0.004009163802978236,1746,196,1.1264516129032258,Norway,NO,2020-03-19,79,7,1,1.1666666666666667,5.821218386929555,1.8445960989374942E-7,2020-04-08T07:40:44.044,32.206647887448646,1,0,1.0,5.72737686139748E-4,https://github.com/CSSEGISandData/COVID-19
0.0036572622779519333,1914,168,1.0962199312714778,Norway,NO,2020-03-20,80,7,0,1.0,7.545047468814022,1.8445960989374942E-7,2020-04-08T07:40:44.945,35.30556933366364,1,0,1.0,5.224660397074191E-4,https://github.com/CSSEGISandData/COVID-19
0.0033050047214353163,2118,204,1.1065830721003134,Norway,NO,2020-03-21,81,7,0,1.0,6.844076092019195,1.8445960989374942E-7,2020-04-08T07:40:45.736,39.06854537549613,1,0,1.0,4.7214353163361664E-4,https://github.com/CSSEGISandData/COVID-19
0.0030932390631904553,2263,145,1.0684608120868744,Norway,NO,2020-03-22,82,7,0,1.0,10.46747806501855,1.1067576593624966E-6,2020-04-08T07:40:46.775,41.7432097189555,6,5,6.0,0.0026513477684489617,https://github.com/CSSEGISandData/COVID-19
0.0038153376573826785,2621,358,1.1581970835174547,Norway,NO,2020-03-23,83,10,3,1.4285714285714286,4.7196355026898384,1.1067576593624966E-6,2020-04-08T07:40:48.321,48.34686375315172,6,0,1.0,0.002289202594429607,https://github.com/CSSEGISandData/COVID-19
0.0041914076143905,2863,242,1.0923311713086608,Norway,NO,2020-03-24,84,12,2,1.2,7.848657990409958,1.1067576593624966E-6,2020-04-08T07:40:49.149,52.81078631258046,6,0,1.0,0.00209570380719525,https://github.com/CSSEGISandData/COVID-19
0.004539559014267186,3084,221,1.0771917568983584,Norway,NO,2020-03-25,85,14,2,1.1666666666666667,9.321828153925223,1.1067576593624966E-6,2020-04-08T07:40:50.647,56.887343691232324,6,0,1.0,0.0019455252918287938,https://github.com/CSSEGISandData/COVID-19
0.004155535767289997,3369,285,1.0924124513618676,Norway,NO,2020-03-26,86,14,0,1.0,7.8420508567418485,1.1067576593624966E-6,2020-04-08T07:40:51.529,62.14444257320418,6,0,1.0,0.0017809439002671415,https://github.com/CSSEGISandData/COVID-19
0.005059920106524634,3755,386,1.1145740575838528,Norway,NO,2020-03-27,87,19,5,1.3571428571428572,6.390083437885626,1.1067576593624966E-6,2020-04-08T07:40:52.802,69.26458351510291,6,0,1.0,0.0015978695073235686,https://github.com/CSSEGISandData/COVID-19
0.00572851805728518,4015,260,1.0692410119840212,Norway,NO,2020-03-28,88,23,4,1.2105263157894737,10.353351607363003,1.291217269256246E-6,2020-04-08T07:40:54.439,74.06053337234039,7,1,1.1666666666666667,0.0017434620174346202,https://github.com/CSSEGISandData/COVID-19
0.005835667600373483,4284,269,1.0669987546699875,Norway,NO,2020-03-29,89,25,2,1.0869565217391304,10.688500583210327,1.291217269256246E-6,2020-04-08T07:40:55.411,79.02249687848226,7,0,1.0,0.0016339869281045752,https://github.com/CSSEGISandData/COVID-19
0.007199100112485939,4445,161,1.0375816993464053,Norway,NO,2020-03-30,90,32,7,1.28,18.788185001439448,2.2135153187249932E-6,2020-04-08T07:40:57.096,81.99229659777161,12,5,1.7142857142857142,0.0026996625421822273,https://github.com/CSSEGISandData/COVID-19
0.008403361344537815,4641,196,1.0440944881889764,Norway,NO,2020-03-31,91,39,7,1.21875,16.063669071229814,2.3979749286187426E-6,2020-04-08T07:40:58.550,85.60770495168912,13,1,1.0833333333333333,0.0028011204481792717,https://github.com/CSSEGISandData/COVID-19
0.009047912811022003,4863,222,1.0478345184227538,Norway,NO,2020-04-01,92,44,5,1.1282051282051282,14.834397523102952,2.3979749286187426E-6,2020-04-08T07:41:00.053,89.70270829133034,13,0,1.0,0.0026732469668928646,https://github.com/CSSEGISandData/COVID-19
0.009714396735962697,5147,284,1.0584001645075056,Norway,NO,2020-04-02,93,50,6,1.1363636363636365,12.212220404942151,5.902707516599981E-6,2020-04-08T07:41:01.542,94.94136121231283,32,19,2.4615384615384617,0.006217213911016126,https://github.com/CSSEGISandData/COVID-19
0.010986964618249535,5370,223,1.0433262094423936,Norway,NO,2020-04-03,94,59,9,1.18,16.342457994154344,5.902707516599981E-6,2020-04-08T07:41:02.926,99.05481051294345,32,0,1.0,0.0059590316573556795,https://github.com/CSSEGISandData/COVID-19
0.011171171171171172,5550,180,1.0335195530726258,Norway,NO,2020-04-04,95,62,3,1.0508474576271187,21.023560088496772,5.902707516599981E-6,2020-04-08T07:41:03.848,102.37508349103094,32,0,1.0,0.005765765765765766,https://github.com/CSSEGISandData/COVID-19
0.012484614032002813,5687,137,1.0246846846846847,Norway,NO,2020-04-05,96,71,9,1.1451612903225807,28.425215090223436,5.902707516599981E-6,2020-04-08T07:41:04.868,104.9021801465753,32,0,1.0,0.005626868296113944,https://github.com/CSSEGISandData/COVID-19
0.012958226768968456,5865,178,1.0312994548971337,Norway,NO,2020-04-06,97,76,5,1.0704225352112675,22.490456418123596,5.902707516599981E-6,2020-04-08T07:41:05.697,108.18556120268404,32,0,1.0,0.005456095481670929,https://github.com/CSSEGISandData/COVID-19
