caseFatalityRisk,confirmed,confirmedDelta,confirmedGrowthRate,country,countryCode,dateId,dayId,deceased,deceasedDelta,deceasedGrowthRate,doublingTime,immunizationRate,importDate,incidencePer100k,recovered,recoveredDelta,recoveredGrowthRate,recoveryRate,source
,0,,,Pakistan,PK,2020-01-22,22,0,,,,0.0,2020-04-08T07:39:55.347,0.0,0,,,,https://github.com/CSSEGISandData/COVID-19
,0,,,Pakistan,PK,2020-01-23,23,0,,,,0.0,2020-04-08T07:39:57.121,0.0,0,,,,https://github.com/CSSEGISandData/COVID-19
,0,,,Pakistan,PK,2020-01-24,24,0,,,,0.0,2020-04-08T07:39:58.149,0.0,0,,,,https://github.com/CSSEGISandData/COVID-19
,0,,,Pakistan,PK,2020-01-25,25,0,,,,0.0,2020-04-08T07:39:59.170,0.0,0,,,,https://github.com/CSSEGISandData/COVID-19
,0,,,Pakistan,PK,2020-01-26,26,0,,,,0.0,2020-04-08T07:40:00.090,0.0,0,,,,https://github.com/CSSEGISandData/COVID-19
,0,,,Pakistan,PK,2020-01-27,27,0,,,,0.0,2020-04-08T07:40:01.016,0.0,0,,,,https://github.com/CSSEGISandData/COVID-19
,0,,,Pakistan,PK,2020-01-28,28,0,,,,0.0,2020-04-08T07:40:01.833,0.0,0,,,,https://github.com/CSSEGISandData/COVID-19
,0,,,Pakistan,PK,2020-01-29,29,0,,,,0.0,2020-04-08T07:40:02.754,0.0,0,,,,https://github.com/CSSEGISandData/COVID-19
,0,,,Pakistan,PK,2020-01-30,30,0,,,,0.0,2020-04-08T07:40:03.536,0.0,0,,,,https://github.com/CSSEGISandData/COVID-19
,0,,,Pakistan,PK,2020-01-31,31,0,,,,0.0,2020-04-08T07:40:04.394,0.0,0,,,,https://github.com/CSSEGISandData/COVID-19
,0,,,Pakistan,PK,2020-02-01,32,0,,,,0.0,2020-04-08T07:40:05.265,0.0,0,,,,https://github.com/CSSEGISandData/COVID-19
,0,,,Pakistan,PK,2020-02-02,33,0,,,,0.0,2020-04-08T07:40:06.133,0.0,0,,,,https://github.com/CSSEGISandData/COVID-19
,0,,,Pakistan,PK,2020-02-03,34,0,,,,0.0,2020-04-08T07:40:06.907,0.0,0,,,,https://github.com/CSSEGISandData/COVID-19
,0,,,Pakistan,PK,2020-02-04,35,0,,,,0.0,2020-04-08T07:40:07.635,0.0,0,,,,https://github.com/CSSEGISandData/COVID-19
,0,,,Pakistan,PK,2020-02-05,36,0,,,,0.0,2020-04-08T07:40:08.447,0.0,0,,,,https://github.com/CSSEGISandData/COVID-19
,0,,,Pakistan,PK,2020-02-06,37,0,,,,0.0,2020-04-08T07:40:09.252,0.0,0,,,,https://github.com/CSSEGISandData/COVID-19
,0,,,Pakistan,PK,2020-02-07,38,0,,,,0.0,2020-04-08T07:40:10.023,0.0,0,,,,https://github.com/CSSEGISandData/COVID-19
,0,,,Pakistan,PK,2020-02-08,39,0,,,,0.0,2020-04-08T07:40:10.841,0.0,0,,,,https://github.com/CSSEGISandData/COVID-19
,0,,,Pakistan,PK,2020-02-09,40,0,,,,0.0,2020-04-08T07:40:11.870,0.0,0,,,,https://github.com/CSSEGISandData/COVID-19
,0,,,Pakistan,PK,2020-02-10,41,0,,,,0.0,2020-04-08T07:40:12.688,0.0,0,,,,https://github.com/CSSEGISandData/COVID-19
,0,,,Pakistan,PK,2020-02-11,42,0,,,,0.0,2020-04-08T07:40:13.455,0.0,0,,,,https://github.com/CSSEGISandData/COVID-19
,0,,,Pakistan,PK,2020-02-12,43,0,,,,0.0,2020-04-08T07:40:14.290,0.0,0,,,,https://github.com/CSSEGISandData/COVID-19
,0,,,Pakistan,PK,2020-02-13,44,0,,,,0.0,2020-04-08T07:40:15.250,0.0,0,,,,https://github.com/CSSEGISandData/COVID-19
,0,,,Pakistan,PK,2020-02-14,45,0,,,,0.0,2020-04-08T07:40:16.073,0.0,0,,,,https://github.com/CSSEGISandData/COVID-19
,0,,,Pakistan,PK,2020-02-15,46,0,,,,0.0,2020-04-08T07:40:16.927,0.0,0,,,,https://github.com/CSSEGISandData/COVID-19
,0,,,Pakistan,PK,2020-02-16,47,0,,,,0.0,2020-04-08T07:40:17.708,0.0,0,,,,https://github.com/CSSEGISandData/COVID-19
,0,,,Pakistan,PK,2020-02-17,48,0,,,,0.0,2020-04-08T07:40:18.490,0.0,0,,,,https://github.com/CSSEGISandData/COVID-19
,0,,,Pakistan,PK,2020-02-18,49,0,,,,0.0,2020-04-08T07:40:19.352,0.0,0,,,,https://github.com/CSSEGISandData/COVID-19
,0,,,Pakistan,PK,2020-02-19,50,0,,,,0.0,2020-04-08T07:40:20.126,0.0,0,,,,https://github.com/CSSEGISandData/COVID-19
,0,,,Pakistan,PK,2020-02-20,51,0,,,,0.0,2020-04-08T07:40:20.880,0.0,0,,,,https://github.com/CSSEGISandData/COVID-19
,0,,,Pakistan,PK,2020-02-21,52,0,,,,0.0,2020-04-08T07:40:21.727,0.0,0,,,,https://github.com/CSSEGISandData/COVID-19
,0,,,Pakistan,PK,2020-02-22,53,0,,,,0.0,2020-04-08T07:40:22.499,0.0,0,,,,https://github.com/CSSEGISandData/COVID-19
,0,,,Pakistan,PK,2020-02-23,54,0,,,,0.0,2020-04-08T07:40:23.350,0.0,0,,,,https://github.com/CSSEGISandData/COVID-19
,0,,,Pakistan,PK,2020-02-24,55,0,,,,0.0,2020-04-08T07:40:24.129,0.0,0,,,,https://github.com/CSSEGISandData/COVID-19
,0,,,Pakistan,PK,2020-02-25,56,0,,,,0.0,2020-04-08T07:40:25.196,0.0,0,,,,https://github.com/CSSEGISandData/COVID-19
,2,0,0.0,Pakistan,PK,2020-02-26,57,0,0,0.0,-0.0,0.0,2020-04-08T07:40:26.014,9.054184495487711E-4,0,0,0.0,,https://github.com/CSSEGISandData/COVID-19
,2,0,1.0,Pakistan,PK,2020-02-27,58,0,0,0.0,,0.0,2020-04-08T07:40:26.812,9.054184495487711E-4,0,0,0.0,,https://github.com/CSSEGISandData/COVID-19
,2,0,1.0,Pakistan,PK,2020-02-28,59,0,0,0.0,,0.0,2020-04-08T07:40:27.652,9.054184495487711E-4,0,0,0.0,,https://github.com/CSSEGISandData/COVID-19
,4,2,2.0,Pakistan,PK,2020-02-29,60,0,0,0.0,1.0,0.0,2020-04-08T07:40:28.413,0.0018108368990975422,0,0,0.0,,https://github.com/CSSEGISandData/COVID-19
,4,0,1.0,Pakistan,PK,2020-03-01,61,0,0,0.0,,0.0,2020-04-08T07:40:29.174,0.0018108368990975422,0,0,0.0,,https://github.com/CSSEGISandData/COVID-19
,4,0,1.0,Pakistan,PK,2020-03-02,62,0,0,0.0,,0.0,2020-04-08T07:40:29.998,0.0018108368990975422,0,0,0.0,,https://github.com/CSSEGISandData/COVID-19
,5,1,1.25,Pakistan,PK,2020-03-03,63,0,0,0.0,3.10628371950539,0.0,2020-04-08T07:40:30.770,0.002263546123871928,0,0,0.0,,https://github.com/CSSEGISandData/COVID-19
,5,0,1.0,Pakistan,PK,2020-03-04,64,0,0,0.0,,0.0,2020-04-08T07:40:31.536,0.002263546123871928,0,0,0.0,,https://github.com/CSSEGISandData/COVID-19
,5,0,1.0,Pakistan,PK,2020-03-05,65,0,0,0.0,,0.0,2020-04-08T07:40:32.318,0.002263546123871928,0,0,0.0,,https://github.com/CSSEGISandData/COVID-19
,6,1,1.2,Pakistan,PK,2020-03-06,66,0,0,0.0,3.8017840169239308,0.0,2020-04-08T07:40:33.182,0.002716255348646313,0,0,0.0,,https://github.com/CSSEGISandData/COVID-19
,6,0,1.0,Pakistan,PK,2020-03-07,67,0,0,0.0,,0.0,2020-04-08T07:40:34.005,0.002716255348646313,0,0,0.0,,https://github.com/CSSEGISandData/COVID-19
,6,0,1.0,Pakistan,PK,2020-03-08,68,0,0,0.0,,4.527092247743856E-9,2020-04-08T07:40:35.057,0.002716255348646313,1,0,0.0,0.16666666666666666,https://github.com/CSSEGISandData/COVID-19
,6,0,1.0,Pakistan,PK,2020-03-09,69,0,0,0.0,,4.527092247743856E-9,2020-04-08T07:40:35.855,0.002716255348646313,1,0,1.0,0.16666666666666666,https://github.com/CSSEGISandData/COVID-19
,16,10,2.6666666666666665,Pakistan,PK,2020-03-10,70,0,0,0.0,0.7066950526114237,4.527092247743856E-9,2020-04-08T07:40:36.668,0.007243347596390169,1,0,1.0,0.0625,https://github.com/CSSEGISandData/COVID-19
,19,3,1.1875,Pakistan,PK,2020-03-11,71,0,0,0.0,4.033436975632575,9.054184495487712E-9,2020-04-08T07:40:37.488,0.008601475270713326,2,1,2.0,0.10526315789473684,https://github.com/CSSEGISandData/COVID-19
,20,1,1.0526315789473684,Pakistan,PK,2020-03-12,72,0,0,0.0,13.5134073339649,9.054184495487712E-9,2020-04-08T07:40:38.406,0.009054184495487711,2,0,1.0,0.1,https://github.com/CSSEGISandData/COVID-19
,28,8,1.4,Pakistan,PK,2020-03-13,73,0,0,0.0,2.0600427171061453,9.054184495487712E-9,2020-04-08T07:40:39.230,0.012675858293682795,2,0,1.0,0.07142857142857142,https://github.com/CSSEGISandData/COVID-19
,31,3,1.1071428571428572,Pakistan,PK,2020-03-14,74,0,0,0.0,6.810069091403851,9.054184495487712E-9,2020-04-08T07:40:40.049,0.014033985968005952,2,0,1.0,0.06451612903225806,https://github.com/CSSEGISandData/COVID-19
,53,22,1.7096774193548387,Pakistan,PK,2020-03-15,75,0,0,0.0,1.2924502970817335,9.054184495487712E-9,2020-04-08T07:40:40.844,0.023993588913042433,2,0,1.0,0.03773584905660377,https://github.com/CSSEGISandData/COVID-19
,136,83,2.5660377358490565,Pakistan,PK,2020-03-16,76,0,0,0.0,0.7355416129663646,9.054184495487712E-9,2020-04-08T07:40:41.688,0.061568454569316436,2,0,1.0,0.014705882352941176,https://github.com/CSSEGISandData/COVID-19
,236,100,1.7352941176470589,Pakistan,PK,2020-03-17,77,0,0,0.0,1.2575765716993017,9.054184495487712E-9,2020-04-08T07:40:42.236,0.10683937704675499,2,0,1.0,0.00847457627118644,https://github.com/CSSEGISandData/COVID-19
,299,63,1.2669491525423728,Pakistan,PK,2020-03-18,78,0,0,0.0,2.9294704373726033,9.054184495487712E-9,2020-04-08T07:40:43.242,0.13536005820754127,2,0,1.0,0.006688963210702341,https://github.com/CSSEGISandData/COVID-19
0.004405286343612335,454,155,1.5183946488294315,Pakistan,PK,2020-03-19,79,2,0,0.0,1.6596220878957173,5.8852199220670126E-8,2020-04-08T07:40:44.044,0.20552998804757103,13,11,6.5,0.028634361233480177,https://github.com/CSSEGISandData/COVID-19
0.005988023952095809,501,47,1.10352422907489,Pakistan,PK,2020-03-20,80,3,1,1.5,7.036391220941155,5.8852199220670126E-8,2020-04-08T07:40:44.945,0.22680732161196715,13,0,1.0,0.02594810379241517,https://github.com/CSSEGISandData/COVID-19
0.00410958904109589,730,229,1.4570858283433135,Pakistan,PK,2020-03-21,81,3,0,1.0,1.841329470346446,5.8852199220670126E-8,2020-04-08T07:40:45.736,0.33047773408530146,13,0,1.0,0.01780821917808219,https://github.com/CSSEGISandData/COVID-19
0.005154639175257732,776,46,1.063013698630137,Pakistan,PK,2020-03-22,82,4,1,1.3333333333333333,11.34298846139939,5.8852199220670126E-8,2020-04-08T07:40:46.775,0.3513023584249232,13,0,1.0,0.01675257731958763,https://github.com/CSSEGISandData/COVID-19
0.006857142857142857,875,99,1.1275773195876289,Pakistan,PK,2020-03-23,83,6,2,1.5,5.772793319876073,5.8852199220670126E-8,2020-04-08T07:40:48.321,0.39612057167758735,13,0,1.0,0.014857142857142857,https://github.com/CSSEGISandData/COVID-19
0.00720164609053498,972,97,1.1108571428571428,Pakistan,PK,2020-03-24,84,7,1,1.1666666666666667,6.593118370407841,8.14876604593894E-8,2020-04-08T07:40:49.149,0.44003336648070274,18,5,1.3846153846153846,0.018518518518518517,https://github.com/CSSEGISandData/COVID-19
0.007525870178739417,1063,91,1.0936213991769548,Pakistan,PK,2020-03-25,85,8,1,1.1428571428571428,7.74513079952394,9.506893720262097E-8,2020-04-08T07:40:50.647,0.48122990593517184,21,3,1.1666666666666667,0.01975540921919097,https://github.com/CSSEGISandData/COVID-19
0.00749375520399667,1201,138,1.129821260583255,Pakistan,PK,2020-03-26,86,9,1,1.125,5.678767322974043,9.506893720262097E-8,2020-04-08T07:40:51.529,0.543703778954037,21,0,1.0,0.017485428809325562,https://github.com/CSSEGISandData/COVID-19
0.008011653313911144,1373,172,1.1432139883430474,Pakistan,PK,2020-03-27,87,11,2,1.2222222222222223,5.178785276519426,1.0412312169810867E-7,2020-04-08T07:40:52.802,0.6215697656152314,23,2,1.0952380952380953,0.016751638747268753,https://github.com/CSSEGISandData/COVID-19
0.008026755852842809,1495,122,1.088856518572469,Pakistan,PK,2020-03-28,88,12,1,1.0909090909090908,8.14240354178467,1.312856751845718E-7,2020-04-08T07:40:54.439,0.6768002910377063,29,6,1.2608695652173914,0.01939799331103679,https://github.com/CSSEGISandData/COVID-19
0.008766437069505322,1597,102,1.0682274247491639,Pakistan,PK,2020-03-29,89,14,2,1.1666666666666667,10.502124606897839,1.312856751845718E-7,2020-04-08T07:40:55.411,0.7229766319646938,29,0,1.0,0.018159048215403883,https://github.com/CSSEGISandData/COVID-19
0.0122306348281887,1717,120,1.0751408891671885,Pakistan,PK,2020-03-30,90,21,7,1.5,9.567022709288151,3.4405901082853304E-7,2020-04-08T07:40:57.096,0.77730173893762,76,47,2.6206896551724137,0.0442632498543972,https://github.com/CSSEGISandData/COVID-19
0.013415892672858616,1938,221,1.1287128712871286,Pakistan,PK,2020-03-31,91,26,5,1.2380952380952381,5.724801965709005,3.4405901082853304E-7,2020-04-08T07:40:58.550,0.8773504776127592,76,0,1.0,0.0392156862745098,https://github.com/CSSEGISandData/COVID-19
0.012747875354107648,2118,180,1.0928792569659442,Pakistan,PK,2020-04-01,92,27,1,1.0384615384615385,7.804328710701241,4.255466712879224E-7,2020-04-08T07:41:00.053,0.9588381380721486,94,18,1.236842105263158,0.044381491973559964,https://github.com/CSSEGISandData/COVID-19
0.014043783560512184,2421,303,1.1430594900849858,Pakistan,PK,2020-04-02,93,34,7,1.2592592592592593,5.184020009310426,5.65886530967982E-7,2020-04-08T07:41:01.542,1.0960090331787873,125,31,1.3297872340425532,0.05163155720776538,https://github.com/CSSEGISandData/COVID-19
0.014892032762472078,2686,265,1.1094589012804625,Pakistan,PK,2020-04-03,94,40,6,1.1764705882352942,6.673062778276674,5.704136232157258E-7,2020-04-08T07:41:02.926,1.2159769777439995,126,1,1.008,0.04690990320178704,https://github.com/CSSEGISandData/COVID-19
0.014549325762952448,2818,132,1.0491437081161579,Pakistan,PK,2020-04-04,95,41,1,1.025,14.448297492844622,5.930490844544451E-7,2020-04-08T07:41:03.848,1.2757345954142185,131,5,1.0396825396825398,0.046486870120652946,https://github.com/CSSEGISandData/COVID-19
0.014887551472917327,3157,339,1.1202980837473386,Pakistan,PK,2020-04-05,96,47,6,1.146341463414634,6.101927239286735,9.552164642739535E-7,2020-04-08T07:41:04.868,1.4292030226127352,211,80,1.6106870229007633,0.06683560342096928,https://github.com/CSSEGISandData/COVID-19
0.014073287307488051,3766,609,1.1929046563192904,Pakistan,PK,2020-04-06,97,53,6,1.127659574468085,3.929601359806465,1.1725168921656585E-6,2020-04-08T07:41:05.697,1.704902940500336,259,48,1.2274881516587677,0.0687732342007435,https://github.com/CSSEGISandData/COVID-19
