caseFatalityRisk,confirmed,confirmedDelta,confirmedGrowthRate,country,countryCode,dateId,dayId,deceased,deceasedDelta,deceasedGrowthRate,doublingTime,immunizationRate,importDate,incidencePer100k,infectious,infectiousDelta,infectiousGrowthRate,recovered,recoveredDelta,recoveredGrowthRate,recoveryRate,source,tested,testedDelta,testedPer1k
0.0,0,0,0.0,Senegal,SN,2020-01-22,22,0,0,0.0,0.0,0.0,2020-04-10T18:19:43.357,0.0,0,0,0.0,0,0,0.0,0.0,https://github.com/CSSEGISandData/COVID-19,0,0,0.0
0.0,0,0,0.0,Senegal,SN,2020-01-23,23,0,0,0.0,0.0,0.0,2020-04-10T18:19:44.046,0.0,0,0,0.0,0,0,0.0,0.0,https://github.com/CSSEGISandData/COVID-19,0,0,0.0
0.0,0,0,0.0,Senegal,SN,2020-01-24,24,0,0,0.0,0.0,0.0,2020-04-10T18:19:44.822,0.0,0,0,0.0,0,0,0.0,0.0,https://github.com/CSSEGISandData/COVID-19,0,0,0.0
0.0,0,0,0.0,Senegal,SN,2020-01-25,25,0,0,0.0,0.0,0.0,2020-04-10T18:19:45.370,0.0,0,0,0.0,0,0,0.0,0.0,https://github.com/CSSEGISandData/COVID-19,0,0,0.0
0.0,0,0,0.0,Senegal,SN,2020-01-26,26,0,0,0.0,0.0,0.0,2020-04-10T18:19:46.408,0.0,0,0,0.0,0,0,0.0,0.0,https://github.com/CSSEGISandData/COVID-19,0,0,0.0
0.0,0,0,0.0,Senegal,SN,2020-01-27,27,0,0,0.0,0.0,0.0,2020-04-10T18:19:47.316,0.0,0,0,0.0,0,0,0.0,0.0,https://github.com/CSSEGISandData/COVID-19,0,0,0.0
0.0,0,0,0.0,Senegal,SN,2020-01-28,28,0,0,0.0,0.0,0.0,2020-04-10T18:19:47.903,0.0,0,0,0.0,0,0,0.0,0.0,https://github.com/CSSEGISandData/COVID-19,0,0,0.0
0.0,0,0,0.0,Senegal,SN,2020-01-29,29,0,0,0.0,0.0,0.0,2020-04-10T18:19:48.483,0.0,0,0,0.0,0,0,0.0,0.0,https://github.com/CSSEGISandData/COVID-19,0,0,0.0
0.0,0,0,0.0,Senegal,SN,2020-01-30,30,0,0,0.0,0.0,0.0,2020-04-10T18:19:49.376,0.0,0,0,0.0,0,0,0.0,0.0,https://github.com/CSSEGISandData/COVID-19,0,0,0.0
0.0,0,0,0.0,Senegal,SN,2020-01-31,31,0,0,0.0,0.0,0.0,2020-04-10T18:19:49.940,0.0,0,0,0.0,0,0,0.0,0.0,https://github.com/CSSEGISandData/COVID-19,0,0,0.0
0.0,0,0,0.0,Senegal,SN,2020-02-01,32,0,0,0.0,0.0,0.0,2020-04-10T18:19:50.503,0.0,0,0,0.0,0,0,0.0,0.0,https://github.com/CSSEGISandData/COVID-19,0,0,0.0
0.0,0,0,0.0,Senegal,SN,2020-02-02,33,0,0,0.0,0.0,0.0,2020-04-10T18:19:51.051,0.0,0,0,0.0,0,0,0.0,0.0,https://github.com/CSSEGISandData/COVID-19,0,0,0.0
0.0,0,0,0.0,Senegal,SN,2020-02-03,34,0,0,0.0,0.0,0.0,2020-04-10T18:19:52.038,0.0,0,0,0.0,0,0,0.0,0.0,https://github.com/CSSEGISandData/COVID-19,0,0,0.0
0.0,0,0,0.0,Senegal,SN,2020-02-04,35,0,0,0.0,0.0,0.0,2020-04-10T18:19:52.961,0.0,0,0,0.0,0,0,0.0,0.0,https://github.com/CSSEGISandData/COVID-19,0,0,0.0
0.0,0,0,0.0,Senegal,SN,2020-02-05,36,0,0,0.0,0.0,0.0,2020-04-10T18:19:53.743,0.0,0,0,0.0,0,0,0.0,0.0,https://github.com/CSSEGISandData/COVID-19,0,0,0.0
0.0,0,0,0.0,Senegal,SN,2020-02-06,37,0,0,0.0,0.0,0.0,2020-04-10T18:19:54.404,0.0,0,0,0.0,0,0,0.0,0.0,https://github.com/CSSEGISandData/COVID-19,0,0,0.0
0.0,0,0,0.0,Senegal,SN,2020-02-07,38,0,0,0.0,0.0,0.0,2020-04-10T18:19:54.948,0.0,0,0,0.0,0,0,0.0,0.0,https://github.com/CSSEGISandData/COVID-19,0,0,0.0
0.0,0,0,0.0,Senegal,SN,2020-02-08,39,0,0,0.0,0.0,0.0,2020-04-10T18:19:55.492,0.0,0,0,0.0,0,0,0.0,0.0,https://github.com/CSSEGISandData/COVID-19,0,0,0.0
0.0,0,0,0.0,Senegal,SN,2020-02-09,40,0,0,0.0,0.0,0.0,2020-04-10T18:19:56.066,0.0,0,0,0.0,0,0,0.0,0.0,https://github.com/CSSEGISandData/COVID-19,0,0,0.0
0.0,0,0,0.0,Senegal,SN,2020-02-10,41,0,0,0.0,0.0,0.0,2020-04-10T18:19:56.632,0.0,0,0,0.0,0,0,0.0,0.0,https://github.com/CSSEGISandData/COVID-19,0,0,0.0
0.0,0,0,0.0,Senegal,SN,2020-02-11,42,0,0,0.0,0.0,0.0,2020-04-10T18:19:57.181,0.0,0,0,0.0,0,0,0.0,0.0,https://github.com/CSSEGISandData/COVID-19,0,0,0.0
0.0,0,0,0.0,Senegal,SN,2020-02-12,43,0,0,0.0,0.0,0.0,2020-04-10T18:19:57.979,0.0,0,0,0.0,0,0,0.0,0.0,https://github.com/CSSEGISandData/COVID-19,0,0,0.0
0.0,0,0,0.0,Senegal,SN,2020-02-13,44,0,0,0.0,0.0,0.0,2020-04-10T18:19:58.543,0.0,0,0,0.0,0,0,0.0,0.0,https://github.com/CSSEGISandData/COVID-19,0,0,0.0
0.0,0,0,0.0,Senegal,SN,2020-02-14,45,0,0,0.0,0.0,0.0,2020-04-10T18:19:59.136,0.0,0,0,0.0,0,0,0.0,0.0,https://github.com/CSSEGISandData/COVID-19,0,0,0.0
0.0,0,0,0.0,Senegal,SN,2020-02-15,46,0,0,0.0,0.0,0.0,2020-04-10T18:19:59.699,0.0,0,0,0.0,0,0,0.0,0.0,https://github.com/CSSEGISandData/COVID-19,0,0,0.0
0.0,0,0,0.0,Senegal,SN,2020-02-16,47,0,0,0.0,0.0,0.0,2020-04-10T18:20:00.277,0.0,0,0,0.0,0,0,0.0,0.0,https://github.com/CSSEGISandData/COVID-19,0,0,0.0
0.0,0,0,0.0,Senegal,SN,2020-02-17,48,0,0,0.0,0.0,0.0,2020-04-10T18:20:01.154,0.0,0,0,0.0,0,0,0.0,0.0,https://github.com/CSSEGISandData/COVID-19,0,0,0.0
0.0,0,0,0.0,Senegal,SN,2020-02-18,49,0,0,0.0,0.0,0.0,2020-04-10T18:20:01.717,0.0,0,0,0.0,0,0,0.0,0.0,https://github.com/CSSEGISandData/COVID-19,0,0,0.0
0.0,0,0,0.0,Senegal,SN,2020-02-19,50,0,0,0.0,0.0,0.0,2020-04-10T18:20:02.513,0.0,0,0,0.0,0,0,0.0,0.0,https://github.com/CSSEGISandData/COVID-19,0,0,0.0
0.0,0,0,0.0,Senegal,SN,2020-02-20,51,0,0,0.0,0.0,0.0,2020-04-10T18:20:03.083,0.0,0,0,0.0,0,0,0.0,0.0,https://github.com/CSSEGISandData/COVID-19,0,0,0.0
0.0,0,0,0.0,Senegal,SN,2020-02-21,52,0,0,0.0,0.0,0.0,2020-04-10T18:20:03.899,0.0,0,0,0.0,0,0,0.0,0.0,https://github.com/CSSEGISandData/COVID-19,0,0,0.0
0.0,0,0,0.0,Senegal,SN,2020-02-22,53,0,0,0.0,0.0,0.0,2020-04-10T18:20:04.691,0.0,0,0,0.0,0,0,0.0,0.0,https://github.com/CSSEGISandData/COVID-19,0,0,0.0
0.0,0,0,0.0,Senegal,SN,2020-02-23,54,0,0,0.0,0.0,0.0,2020-04-10T18:20:05.299,0.0,0,0,0.0,0,0,0.0,0.0,https://github.com/CSSEGISandData/COVID-19,0,0,0.0
0.0,0,0,0.0,Senegal,SN,2020-02-24,55,0,0,0.0,0.0,0.0,2020-04-10T18:20:05.885,0.0,0,0,0.0,0,0,0.0,0.0,https://github.com/CSSEGISandData/COVID-19,0,0,0.0
0.0,0,0,0.0,Senegal,SN,2020-02-25,56,0,0,0.0,0.0,0.0,2020-04-10T18:20:06.478,0.0,0,0,0.0,0,0,0.0,0.0,https://github.com/CSSEGISandData/COVID-19,0,0,0.0
0.0,0,0,0.0,Senegal,SN,2020-02-26,57,0,0,0.0,0.0,0.0,2020-04-10T18:20:07.047,0.0,0,0,0.0,0,0,0.0,0.0,https://github.com/CSSEGISandData/COVID-19,0,0,0.0
0.0,0,0,0.0,Senegal,SN,2020-02-27,58,0,0,0.0,0.0,0.0,2020-04-10T18:20:07.606,0.0,0,0,0.0,0,0,0.0,0.0,https://github.com/CSSEGISandData/COVID-19,0,0,0.0
0.0,0,0,0.0,Senegal,SN,2020-02-28,59,0,0,0.0,0.0,0.0,2020-04-10T18:20:08.152,0.0,0,0,0.0,0,0,0.0,0.0,https://github.com/CSSEGISandData/COVID-19,0,0,0.0
0.0,0,0,0.0,Senegal,SN,2020-02-29,60,0,0,0.0,0.0,0.0,2020-04-10T18:20:08.727,0.0,0,0,0.0,0,0,0.0,0.0,https://github.com/CSSEGISandData/COVID-19,0,0,0.0
0.0,0,0,0.0,Senegal,SN,2020-03-01,61,0,0,0.0,0.0,0.0,2020-04-10T18:20:09.648,0.0,0,0,0.0,0,0,0.0,0.0,https://github.com/CSSEGISandData/COVID-19,0,0,0.0
0.0,1,0,0.0,Senegal,SN,2020-03-02,62,0,0,0.0,0.0,0.0,2020-04-10T18:20:10.276,0.005972314618906306,1,0,0.0,0,0,0.0,0.0,https://github.com/CSSEGISandData/COVID-19,0,0,0.0
0.0,2,1,2.0,Senegal,SN,2020-03-03,63,0,0,0.0,1.0,0.0,2020-04-10T18:20:10.862,0.011944629237812612,2,1,2.0,0,0,0.0,0.0,https://github.com/CSSEGISandData/COVID-19,0,0,0.0
0.0,4,2,2.0,Senegal,SN,2020-03-04,64,0,0,0.0,1.0,0.0,2020-04-10T18:20:11.406,0.023889258475625223,4,2,2.0,0,0,0.0,0.0,https://github.com/CSSEGISandData/COVID-19,0,0,0.0
0.0,4,0,1.0,Senegal,SN,2020-03-05,65,0,0,0.0,0.0,0.0,2020-04-10T18:20:12.003,0.023889258475625223,4,0,1.0,0,0,0.0,0.0,https://github.com/CSSEGISandData/COVID-19,0,0,0.0
0.0,4,0,1.0,Senegal,SN,2020-03-06,66,0,0,0.0,0.0,0.0,2020-04-10T18:20:12.585,0.023889258475625223,4,0,1.0,0,0,0.0,0.0,https://github.com/CSSEGISandData/COVID-19,0,0,0.0
0.0,4,0,1.0,Senegal,SN,2020-03-07,67,0,0,0.0,0.0,0.0,2020-04-10T18:20:13.165,0.023889258475625223,4,0,1.0,0,0,0.0,0.0,https://github.com/CSSEGISandData/COVID-19,0,0,0.0
0.0,4,0,1.0,Senegal,SN,2020-03-08,68,0,0,0.0,0.0,5.972314618906306E-8,2020-04-10T18:20:14.084,0.023889258475625223,3,-1,0.75,1,0,0.0,0.25,https://github.com/CSSEGISandData/COVID-19,0,0,0.0
0.0,4,0,1.0,Senegal,SN,2020-03-09,69,0,0,0.0,0.0,5.972314618906306E-8,2020-04-10T18:20:14.635,0.023889258475625223,3,0,1.0,1,0,1.0,0.25,https://github.com/CSSEGISandData/COVID-19,0,0,0.0
0.0,4,0,1.0,Senegal,SN,2020-03-10,70,0,0,0.0,0.0,5.972314618906306E-8,2020-04-10T18:20:15.234,0.023889258475625223,3,0,1.0,1,0,1.0,0.25,https://github.com/CSSEGISandData/COVID-19,0,0,0.0
0.0,4,0,1.0,Senegal,SN,2020-03-11,71,0,0,0.0,0.0,5.972314618906306E-8,2020-04-10T18:20:15.751,0.023889258475625223,3,0,1.0,1,0,1.0,0.25,https://github.com/CSSEGISandData/COVID-19,0,0,0.0
0.0,4,0,1.0,Senegal,SN,2020-03-12,72,0,0,0.0,0.0,5.972314618906306E-8,2020-04-10T18:20:16.530,0.023889258475625223,3,0,1.0,1,0,1.0,0.25,https://github.com/CSSEGISandData/COVID-19,0,0,0.0
0.0,10,6,2.5,Senegal,SN,2020-03-13,73,0,0,0.0,0.75647079736603,5.972314618906306E-8,2020-04-10T18:20:17.077,0.059723146189063055,9,6,3.0,1,0,1.0,0.1,https://github.com/CSSEGISandData/COVID-19,0,0,0.0
0.0,10,0,1.0,Senegal,SN,2020-03-14,74,0,0,0.0,0.0,5.972314618906306E-8,2020-04-10T18:20:17.662,0.059723146189063055,9,0,1.0,1,0,1.0,0.1,https://github.com/CSSEGISandData/COVID-19,0,0,0.0
0.0,24,14,2.4,Senegal,SN,2020-03-15,75,0,0,0.0,0.7917440691885577,5.972314618906306E-8,2020-04-10T18:20:18.561,0.14333555085375133,23,14,2.5555555555555554,1,0,1.0,0.041666666666666664,https://github.com/CSSEGISandData/COVID-19,0,0,0.0
0.0,24,0,1.0,Senegal,SN,2020-03-16,76,0,0,0.0,0.0,1.1944629237812612E-7,2020-04-10T18:20:19.155,0.14333555085375133,22,-1,0.9565217391304348,2,1,2.0,0.08333333333333333,https://github.com/CSSEGISandData/COVID-19,0,0,0.0
0.0,26,2,1.0833333333333333,Senegal,SN,2020-03-17,77,0,0,0.0,8.659716802522823,1.1944629237812612E-7,2020-04-10T18:20:20.100,0.15528018009156394,24,2,1.0909090909090908,2,0,1.0,0.07692307692307693,https://github.com/CSSEGISandData/COVID-19,44,44,0.00255811663081621
0.0,31,5,1.1923076923076923,Senegal,SN,2020-03-18,78,0,0,0.0,3.9407843207140094,1.1944629237812612E-7,2020-04-10T18:20:21.334,0.1851417531860955,29,5,1.2083333333333333,2,0,1.0,0.06451612903225806,https://github.com/CSSEGISandData/COVID-19,71,27,0.00412787001790798
0.0,31,0,1.0,Senegal,SN,2020-03-19,79,0,0,0.0,0.0,1.1944629237812612E-7,2020-04-10T18:20:21.901,0.1851417531860955,29,0,1.0,2,0,1.0,0.06451612903225806,https://github.com/CSSEGISandData/COVID-19,93,22,0.00540692833331609
0.0,38,7,1.2258064516129032,Senegal,SN,2020-03-20,80,0,0,0.0,3.404473170005473,1.1944629237812612E-7,2020-04-10T18:20:22.473,0.22694795551843963,36,7,1.2413793103448276,2,0,1.0,0.05263157894736842,https://github.com/CSSEGISandData/COVID-19,149,56,0.00866271313617308
0.0,47,9,1.236842105263158,Senegal,SN,2020-03-21,81,0,0,0.0,3.2609262248662523,2.9861573094531527E-7,2020-04-10T18:20:23.272,0.28069878708859636,42,6,1.1666666666666667,5,3,2.5,0.10638297872340426,https://github.com/CSSEGISandData/COVID-19,180,31,0.0104650225806118
0.0,67,20,1.425531914893617,Senegal,SN,2020-03-22,82,0,0,0.0,1.955032918228121,2.9861573094531527E-7,2020-04-10T18:20:23.899,0.4001450794667225,62,20,1.4761904761904763,5,0,1.0,0.07462686567164178,https://github.com/CSSEGISandData/COVID-19,265,85,0.015406838799234
0.0,79,12,1.1791044776119404,Senegal,SN,2020-03-23,83,0,0,0.0,4.207133015556293,4.777851695125045E-7,2020-04-10T18:20:24.537,0.47181285489359814,71,9,1.1451612903225807,8,3,1.6,0.10126582278481013,https://github.com/CSSEGISandData/COVID-19,325,60,0.0188951796594379
0.0,86,7,1.0886075949367089,Senegal,SN,2020-03-24,84,0,0,0.0,8.164331232877592,4.777851695125045E-7,2020-04-10T18:20:25.183,0.5136190572259423,78,7,1.0985915492957747,8,0,1.0,0.09302325581395349,https://github.com/CSSEGISandData/COVID-19,384,59,0.0223253815053051
0.0,99,13,1.1511627906976745,Senegal,SN,2020-03-25,85,0,0,0.0,4.923880127553004,5.375083157015675E-7,2020-04-10T18:20:25.786,0.5912591472717242,90,12,1.1538461538461537,9,1,1.125,0.09090909090909091,https://github.com/CSSEGISandData/COVID-19,526,142,0.0305811215411211
0.0,105,6,1.0606060606060606,Senegal,SN,2020-03-26,86,0,0,0.0,11.780103505065176,5.375083157015675E-7,2020-04-10T18:20:26.391,0.6270930349851621,96,6,1.0666666666666667,9,0,1.0,0.08571428571428572,https://github.com/CSSEGISandData/COVID-19,656,130,0.0381391934048963
0.0,119,14,1.1333333333333333,Senegal,SN,2020-03-27,87,0,0,0.0,5.537949624792162,6.569546080796936E-7,2020-04-10T18:20:27.220,0.7107054396498503,108,12,1.125,11,2,1.2222222222222223,0.09243697478991597,https://github.com/CSSEGISandData/COVID-19,800,144,0.0465112114693857
0.0,130,11,1.0924369747899159,Senegal,SN,2020-03-28,88,0,0,0.0,7.840059664353025,1.075016631403135E-6,2020-04-10T18:20:28.135,0.7764009004578197,112,4,1.037037037037037,18,7,1.6363636363636365,0.13846153846153847,https://github.com/CSSEGISandData/COVID-19,898,98,0.0522088348743854
0.0,142,12,1.0923076923076922,Senegal,SN,2020-03-29,89,0,0,0.0,7.85056872786969,1.6125249471047026E-6,2020-04-10T18:20:29.061,0.8480686758846954,115,3,1.0267857142857142,27,9,1.5,0.19014084507042253,https://github.com/CSSEGISandData/COVID-19,1049,151,0.060987826039232
0.0,162,20,1.1408450704225352,Senegal,SN,2020-03-30,90,0,0,0.0,5.260309482004983,1.6125249471047026E-6,2020-04-10T18:20:29.978,0.9675149682628216,135,20,1.173913043478261,27,0,1.0,0.16666666666666666,https://github.com/CSSEGISandData/COVID-19,1136,87,0.0660459202865277
0.0,175,13,1.0802469135802468,Senegal,SN,2020-03-31,91,0,0,0.0,8.979795634664592,2.388925847562522E-6,2020-04-10T18:20:30.887,1.0451550583086036,135,0,1.0,40,13,1.4814814814814814,0.22857142857142856,https://github.com/CSSEGISandData/COVID-19,1233,97,0.0716854046771907
0.005263157894736842,190,15,1.0857142857142856,Senegal,SN,2020-04-01,92,1,0,0.0,8.42854097334081,2.6875415785078377E-6,2020-04-10T18:20:31.902,1.1347397775921981,144,9,1.0666666666666667,45,5,1.125,0.23684210526315788,https://github.com/CSSEGISandData/COVID-19,1428,195,0.0830225124728534
0.005128205128205128,195,5,1.0263157894736843,Senegal,SN,2020-04-02,93,1,0,1.0,26.68466606549988,3.284773040398468E-6,2020-04-10T18:20:32.752,1.1646013506867297,139,-5,0.9652777777777778,55,10,1.2222222222222223,0.28205128205128205,https://github.com/CSSEGISandData/COVID-19,1555,127,0.0904061672936184
0.004830917874396135,207,12,1.0615384615384615,Senegal,SN,2020-04-03,94,1,0,1.0,11.606765961137071,3.941727648478161E-6,2020-04-10T18:20:33.749,1.2362691261136054,140,1,1.0071942446043165,66,11,1.2,0.3188405797101449,https://github.com/CSSEGISandData/COVID-19,1708,153,0.0993014364871384
0.0091324200913242,219,12,1.0579710144927537,Senegal,SN,2020-04-04,95,2,1,2.0,12.30010755395185,4.30006652561254E-6,2020-04-10T18:20:34.759,1.307936901540481,145,5,1.0357142857142858,72,6,1.0909090909090908,0.3287671232876712,https://github.com/CSSEGISandData/COVID-19,1885,177,0.10959204202474
0.009009009009009009,222,3,1.0136986301369864,Senegal,SN,2020-04-05,96,2,0,1.0,50.94553188030025,4.897297987503171E-6,2020-04-10T18:20:35.390,1.3258538453972,138,-7,0.9517241379310345,82,10,1.1388888888888888,0.36936936936936937,https://github.com/CSSEGISandData/COVID-19,1977,92,0.114940831343719
0.008849557522123894,226,4,1.018018018018018,Senegal,SN,2020-04-06,97,2,0,1.0,38.81521062040976,5.494529449393801E-6,2020-04-11T12:17:16.991,1.3497431038728251,132,-6,0.9565217391304348,92,10,1.1219512195121952,0.40707964601769914,https://github.com/CSSEGISandData/COVID-19,2072,95,0.120464037705709
0.008438818565400843,237,11,1.0486725663716814,Senegal,SN,2020-04-07,98,2,0,1.0,14.58485242527685,6.270930349851621E-6,2020-04-11T12:17:19.462,1.4154385646807945,130,-2,0.9848484848484849,105,13,1.141304347826087,0.4430379746835443,https://github.com/CSSEGISandData/COVID-19,2182,110,0.126859329282749
0.00819672131147541,244,7,1.029535864978903,Senegal,SN,2020-04-08,99,2,0,1.0,23.812875378394054,6.748715519364125E-6,2020-04-11T12:17:20.796,1.4572447670131385,129,-1,0.9923076923076923,113,8,1.0761904761904761,0.46311475409836067,https://github.com/CSSEGISandData/COVID-19,2290,108,0.133138342831117
0.008,250,6,1.0245901639344261,Senegal,SN,2020-04-09,100,2,0,1.0,28.53315574590541,7.345946981254756E-6,2020-04-11T12:17:21.821,1.4930786547265764,125,-4,0.9689922480620154,123,10,1.0884955752212389,0.492,https://github.com/CSSEGISandData/COVID-19,2489,199,0.144708006684126
0.007547169811320755,265,15,1.06,Senegal,SN,2020-04-10,101,2,0,1.0,11.895661045941875,8.182071027901638E-6,2020-04-11T12:17:22.499,1.582663374010171,126,1,1.008,137,14,1.113821138211382,0.5169811320754717,https://github.com/CSSEGISandData/COVID-19,2684,195,0.156045114479789
