caseFatalityRisk,confirmed,confirmedDelta,confirmedGrowthRate,country,countryCode,dateId,dayId,deceased,deceasedDelta,deceasedGrowthRate,doublingTime,immunizationRate,importDate,incidencePer100k,recovered,recoveredDelta,recoveredGrowthRate,recoveryRate,source
,0,,,Spain,ES,2020-01-22,22,0,,,,0.0,2020-04-08T07:39:55.346,0.0,0,,,,https://github.com/CSSEGISandData/COVID-19
,0,,,Spain,ES,2020-01-23,23,0,,,,0.0,2020-04-08T07:39:57.120,0.0,0,,,,https://github.com/CSSEGISandData/COVID-19
,0,,,Spain,ES,2020-01-24,24,0,,,,0.0,2020-04-08T07:39:58.149,0.0,0,,,,https://github.com/CSSEGISandData/COVID-19
,0,,,Spain,ES,2020-01-25,25,0,,,,0.0,2020-04-08T07:39:59.170,0.0,0,,,,https://github.com/CSSEGISandData/COVID-19
,0,,,Spain,ES,2020-01-26,26,0,,,,0.0,2020-04-08T07:40:00.090,0.0,0,,,,https://github.com/CSSEGISandData/COVID-19
,0,,,Spain,ES,2020-01-27,27,0,,,,0.0,2020-04-08T07:40:01.015,0.0,0,,,,https://github.com/CSSEGISandData/COVID-19
,0,,,Spain,ES,2020-01-28,28,0,,,,0.0,2020-04-08T07:40:01.832,0.0,0,,,,https://github.com/CSSEGISandData/COVID-19
,0,,,Spain,ES,2020-01-29,29,0,,,,0.0,2020-04-08T07:40:02.754,0.0,0,,,,https://github.com/CSSEGISandData/COVID-19
,0,,,Spain,ES,2020-01-30,30,0,,,,0.0,2020-04-08T07:40:03.536,0.0,0,,,,https://github.com/CSSEGISandData/COVID-19
,0,,,Spain,ES,2020-01-31,31,0,,,,0.0,2020-04-08T07:40:04.394,0.0,0,,,,https://github.com/CSSEGISandData/COVID-19
,1,0,0.0,Spain,ES,2020-02-01,32,0,0,0.0,-0.0,0.0,2020-04-08T07:40:05.265,0.0021388188390072133,0,0,0.0,,https://github.com/CSSEGISandData/COVID-19
,1,0,1.0,Spain,ES,2020-02-02,33,0,0,0.0,,0.0,2020-04-08T07:40:06.133,0.0021388188390072133,0,0,0.0,,https://github.com/CSSEGISandData/COVID-19
,1,0,1.0,Spain,ES,2020-02-03,34,0,0,0.0,,0.0,2020-04-08T07:40:06.906,0.0021388188390072133,0,0,0.0,,https://github.com/CSSEGISandData/COVID-19
,1,0,1.0,Spain,ES,2020-02-04,35,0,0,0.0,,0.0,2020-04-08T07:40:07.635,0.0021388188390072133,0,0,0.0,,https://github.com/CSSEGISandData/COVID-19
,1,0,1.0,Spain,ES,2020-02-05,36,0,0,0.0,,0.0,2020-04-08T07:40:08.446,0.0021388188390072133,0,0,0.0,,https://github.com/CSSEGISandData/COVID-19
,1,0,1.0,Spain,ES,2020-02-06,37,0,0,0.0,,0.0,2020-04-08T07:40:09.252,0.0021388188390072133,0,0,0.0,,https://github.com/CSSEGISandData/COVID-19
,1,0,1.0,Spain,ES,2020-02-07,38,0,0,0.0,,0.0,2020-04-08T07:40:10.023,0.0021388188390072133,0,0,0.0,,https://github.com/CSSEGISandData/COVID-19
,1,0,1.0,Spain,ES,2020-02-08,39,0,0,0.0,,0.0,2020-04-08T07:40:10.841,0.0021388188390072133,0,0,0.0,,https://github.com/CSSEGISandData/COVID-19
,2,1,2.0,Spain,ES,2020-02-09,40,0,0,0.0,1.0,0.0,2020-04-08T07:40:11.870,0.004277637678014427,0,0,0.0,,https://github.com/CSSEGISandData/COVID-19
,2,0,1.0,Spain,ES,2020-02-10,41,0,0,0.0,,0.0,2020-04-08T07:40:12.688,0.004277637678014427,0,0,0.0,,https://github.com/CSSEGISandData/COVID-19
,2,0,1.0,Spain,ES,2020-02-11,42,0,0,0.0,,0.0,2020-04-08T07:40:13.455,0.004277637678014427,0,0,0.0,,https://github.com/CSSEGISandData/COVID-19
,2,0,1.0,Spain,ES,2020-02-12,43,0,0,0.0,,0.0,2020-04-08T07:40:14.290,0.004277637678014427,0,0,0.0,,https://github.com/CSSEGISandData/COVID-19
,2,0,1.0,Spain,ES,2020-02-13,44,0,0,0.0,,0.0,2020-04-08T07:40:15.250,0.004277637678014427,0,0,0.0,,https://github.com/CSSEGISandData/COVID-19
,2,0,1.0,Spain,ES,2020-02-14,45,0,0,0.0,,0.0,2020-04-08T07:40:16.073,0.004277637678014427,0,0,0.0,,https://github.com/CSSEGISandData/COVID-19
,2,0,1.0,Spain,ES,2020-02-15,46,0,0,0.0,,4.2776376780144264E-8,2020-04-08T07:40:16.927,0.004277637678014427,2,0,0.0,1.0,https://github.com/CSSEGISandData/COVID-19
,2,0,1.0,Spain,ES,2020-02-16,47,0,0,0.0,,4.2776376780144264E-8,2020-04-08T07:40:17.708,0.004277637678014427,2,0,1.0,1.0,https://github.com/CSSEGISandData/COVID-19
,2,0,1.0,Spain,ES,2020-02-17,48,0,0,0.0,,4.2776376780144264E-8,2020-04-08T07:40:18.489,0.004277637678014427,2,0,1.0,1.0,https://github.com/CSSEGISandData/COVID-19
,2,0,1.0,Spain,ES,2020-02-18,49,0,0,0.0,,4.2776376780144264E-8,2020-04-08T07:40:19.352,0.004277637678014427,2,0,1.0,1.0,https://github.com/CSSEGISandData/COVID-19
,2,0,1.0,Spain,ES,2020-02-19,50,0,0,0.0,,4.2776376780144264E-8,2020-04-08T07:40:20.126,0.004277637678014427,2,0,1.0,1.0,https://github.com/CSSEGISandData/COVID-19
,2,0,1.0,Spain,ES,2020-02-20,51,0,0,0.0,,4.2776376780144264E-8,2020-04-08T07:40:20.880,0.004277637678014427,2,0,1.0,1.0,https://github.com/CSSEGISandData/COVID-19
,2,0,1.0,Spain,ES,2020-02-21,52,0,0,0.0,,4.2776376780144264E-8,2020-04-08T07:40:21.727,0.004277637678014427,2,0,1.0,1.0,https://github.com/CSSEGISandData/COVID-19
,2,0,1.0,Spain,ES,2020-02-22,53,0,0,0.0,,4.2776376780144264E-8,2020-04-08T07:40:22.499,0.004277637678014427,2,0,1.0,1.0,https://github.com/CSSEGISandData/COVID-19
,2,0,1.0,Spain,ES,2020-02-23,54,0,0,0.0,,4.2776376780144264E-8,2020-04-08T07:40:23.350,0.004277637678014427,2,0,1.0,1.0,https://github.com/CSSEGISandData/COVID-19
,2,0,1.0,Spain,ES,2020-02-24,55,0,0,0.0,,4.2776376780144264E-8,2020-04-08T07:40:24.128,0.004277637678014427,2,0,1.0,1.0,https://github.com/CSSEGISandData/COVID-19
,6,4,3.0,Spain,ES,2020-02-25,56,0,0,0.0,0.6309297535714574,4.2776376780144264E-8,2020-04-08T07:40:25.196,0.01283291303404328,2,0,1.0,0.3333333333333333,https://github.com/CSSEGISandData/COVID-19
,13,7,2.1666666666666665,Spain,ES,2020-02-26,57,0,0,0.0,0.8964772963386638,4.2776376780144264E-8,2020-04-08T07:40:26.014,0.027804644907093775,2,0,1.0,0.15384615384615385,https://github.com/CSSEGISandData/COVID-19
,15,2,1.1538461538461537,Spain,ES,2020-02-27,58,0,0,0.0,4.8437672547929935,4.2776376780144264E-8,2020-04-08T07:40:26.811,0.0320822825851082,2,0,1.0,0.13333333333333333,https://github.com/CSSEGISandData/COVID-19
,32,17,2.1333333333333333,Spain,ES,2020-02-28,59,0,0,0.0,0.9148215137319085,4.2776376780144264E-8,2020-04-08T07:40:27.652,0.06844220284823083,2,0,1.0,0.0625,https://github.com/CSSEGISandData/COVID-19
,45,13,1.40625,Spain,ES,2020-02-29,60,0,0,0.0,2.0331273859252668,4.2776376780144264E-8,2020-04-08T07:40:28.413,0.0962468477553246,2,0,1.0,0.044444444444444446,https://github.com/CSSEGISandData/COVID-19
,84,39,1.8666666666666667,Spain,ES,2020-03-01,61,0,0,0.0,1.1105381641751717,4.2776376780144264E-8,2020-04-08T07:40:29.174,0.1796607824766059,2,0,1.0,0.023809523809523808,https://github.com/CSSEGISandData/COVID-19
,120,36,1.4285714285714286,Spain,ES,2020-03-02,62,0,0,0.0,1.9433582098747317,4.2776376780144264E-8,2020-04-08T07:40:29.998,0.2566582606808656,2,0,1.0,0.016666666666666666,https://github.com/CSSEGISandData/COVID-19
0.006060606060606061,165,45,1.375,Spain,ES,2020-03-03,63,1,0,0.0,2.1766024788760996,4.2776376780144264E-8,2020-04-08T07:40:30.770,0.3529051084361902,2,0,1.0,0.012121212121212121,https://github.com/CSSEGISandData/COVID-19
0.009009009009009009,222,57,1.3454545454545455,Spain,ES,2020-03-04,64,2,1,2.0,2.335937463880881,4.2776376780144264E-8,2020-04-08T07:40:31.536,0.47481778225960136,2,0,1.0,0.009009009009009009,https://github.com/CSSEGISandData/COVID-19
0.011583011583011582,259,37,1.1666666666666667,Spain,ES,2020-03-05,65,3,1,1.5,4.49655610560192,4.2776376780144264E-8,2020-04-08T07:40:32.318,0.5539540793028682,2,0,1.0,0.007722007722007722,https://github.com/CSSEGISandData/COVID-19
0.0125,400,141,1.5444015444015444,Spain,ES,2020-03-06,66,5,2,1.6666666666666667,1.5947744927777263,4.2776376780144264E-8,2020-04-08T07:40:33.182,0.8555275356028853,2,0,1.0,0.005,https://github.com/CSSEGISandData/COVID-19
0.02,500,100,1.25,Spain,ES,2020-03-07,67,10,5,2.0,3.10628371950539,6.41645651702164E-7,2020-04-08T07:40:34.005,1.0694094195036068,30,28,15.0,0.06,https://github.com/CSSEGISandData/COVID-19
0.02526002971768202,673,173,1.346,Spain,ES,2020-03-08,68,17,7,1.7,2.332751024528542,6.41645651702164E-7,2020-04-08T07:40:35.057,1.4394250786518545,30,0,1.0,0.04457652303120357,https://github.com/CSSEGISandData/COVID-19
0.0260950605778192,1073,400,1.5943536404160477,Spain,ES,2020-03-09,69,28,11,1.6470588235294117,1.4859466606172795,6.844220284823082E-7,2020-04-08T07:40:35.855,2.29495261425474,32,2,1.0666666666666667,0.02982292637465051,https://github.com/CSSEGISandData/COVID-19
0.02064896755162242,1695,622,1.5796831314072692,Spain,ES,2020-03-10,70,35,7,1.25,1.5159894501429272,6.844220284823082E-7,2020-04-08T07:40:36.668,3.6252979321172267,32,0,1.0,0.01887905604719764,https://github.com/CSSEGISandData/COVID-19
0.023715415019762844,2277,582,1.343362831858407,Spain,ES,2020-03-11,71,54,19,1.542857142857143,2.3482501014827855,3.9140384753832E-6,2020-04-08T07:40:37.488,4.870090496419425,183,151,5.71875,0.08036890645586298,https://github.com/CSSEGISandData/COVID-19
0.024154589371980676,2277,0,1.0,Spain,ES,2020-03-12,72,55,1,1.0185185185185186,,3.9140384753832E-6,2020-04-08T07:40:38.406,4.870090496419425,183,0,1.0,0.08036890645586298,https://github.com/CSSEGISandData/COVID-19
0.025420489296636085,5232,2955,2.297760210803689,Spain,ES,2020-03-13,73,133,78,2.418181818181818,0.8331748569757589,4.127920359283922E-6,2020-04-08T07:40:39.229,11.190300165685741,193,10,1.0546448087431695,0.03688837920489297,https://github.com/CSSEGISandData/COVID-19
0.030511657017681115,6391,1159,1.2215214067278288,Spain,ES,2020-03-14,74,195,62,1.4661654135338347,3.4640534724196628,1.1057693397667293E-5,2020-04-08T07:40:40.048,13.669191200095101,517,324,2.678756476683938,0.08089500860585198,https://github.com/CSSEGISandData/COVID-19
0.037060784816619646,7798,1407,1.2201533406352683,Spain,ES,2020-03-15,75,289,94,1.4820512820512821,3.4835623382297305,1.1057693397667293E-5,2020-04-08T07:40:40.844,16.67850930657825,517,0,1.0,0.06629905103872788,https://github.com/CSSEGISandData/COVID-19
0.0343995171997586,9942,2144,1.2749422928956142,Spain,ES,2020-03-16,76,342,53,1.1833910034602075,2.853621092917179,1.1335739846738231E-5,2020-04-08T07:40:41.688,21.264136897409717,530,13,1.0251450676982592,0.053309193321263326,https://github.com/CSSEGISandData/COVID-19
0.04536942458290773,11748,1806,1.1816535908267953,Spain,ES,2020-03-17,77,533,191,1.5584795321637428,4.152700401878658,2.1987057664994153E-5,2020-04-08T07:40:42.236,25.126843720656744,1028,498,1.939622641509434,0.08750425604358189,https://github.com/CSSEGISandData/COVID-19
0.04478792235801582,13910,2162,1.1840313244807628,Spain,ES,2020-03-18,78,623,90,1.1688555347091933,4.103283770480621,2.3120631649667977E-5,2020-04-08T07:40:43.241,29.75097005059034,1081,53,1.051556420233463,0.0777138749101366,https://github.com/CSSEGISandData/COVID-19
0.046206090296721035,17963,4053,1.29137311286844,Spain,ES,2020-03-19,79,830,207,1.332263242375602,2.710718408620487,2.3676724547809853E-5,2020-04-08T07:40:44.044,38.419602805086576,1107,26,1.0240518038852915,0.06162667705839782,https://github.com/CSSEGISandData/COVID-19
0.05110240078392945,20410,2447,1.1362244613928631,Spain,ES,2020-03-20,80,1043,213,1.2566265060240964,5.427471223242481,3.396444316343455E-5,2020-04-08T07:40:44.945,43.65329250413723,1588,481,1.4345076784101174,0.07780499755022048,https://github.com/CSSEGISandData/COVID-19
0.05418932765823284,25374,4964,1.2432141107300343,Spain,ES,2020-03-21,81,1375,332,1.318312559923298,3.1839550689356395,4.5449900328903286E-5,2020-04-08T07:40:45.736,54.27038922096903,2125,537,1.3381612090680102,0.08374714274454166,https://github.com/CSSEGISandData/COVID-19
0.06139216166136419,28603,3229,1.1272562465515883,Spain,ES,2020-03-22,82,1756,381,1.277090909090909,5.786517840572434,4.5449900328903286E-5,2020-04-08T07:40:46.774,61.176635252123326,2125,0,1.0,0.07429290633849596,https://github.com/CSSEGISandData/COVID-19
0.06577299635701275,35136,6533,1.2284026151103031,Spain,ES,2020-03-23,83,2311,555,1.3160592255125285,3.369459683362531,7.175737204869201E-5,2020-04-08T07:40:48.320,75.14953872735745,3355,1230,1.5788235294117647,0.0954861111111111,https://github.com/CSSEGISandData/COVID-19
0.0704024069198947,39885,4749,1.135160519125683,Spain,ES,2020-03-24,84,2808,497,1.2150584162700129,5.4675786172989795,8.114678675193367E-5,2020-04-08T07:40:49.149,85.3067893938027,3794,439,1.130849478390462,0.09512348000501442,https://github.com/CSSEGISandData/COVID-19
0.07365444814702615,49515,9630,1.2414441519368185,Spain,ES,2020-03-25,85,3647,839,1.2987891737891737,3.2049293211347307,1.1479040708951714E-4,2020-04-08T07:40:50.646,105.90361481344218,5367,1573,1.4146020031628888,0.10839139654650105,https://github.com/CSSEGISandData/COVID-19
0.07553732738033433,57786,8271,1.1670402908209634,Spain,ES,2020-03-26,86,4365,718,1.1968741431313408,4.487235330577955,1.50038141556356E-4,2020-04-08T07:40:51.529,123.59378543087084,7015,1648,1.3070616731880007,0.12139618592738725,https://github.com/CSSEGISandData/COVID-19
0.07818134785982744,65719,7933,1.137282386737272,Spain,ES,2020-03-27,87,5138,773,1.1770904925544101,5.38820627192366,2.0012927876590495E-4,2020-04-08T07:40:52.802,140.56103528071506,9357,2342,1.333856022808268,0.14237891629513535,https://github.com/CSSEGISandData/COVID-19
0.08168225575203113,73235,7516,1.1143657085469956,Spain,ES,2020-03-28,88,5982,844,1.164266251459712,6.401115581293013,2.627538943720362E-4,2020-04-08T07:40:54.439,156.63639767469328,12285,2928,1.3129208079512664,0.16774766163719532,https://github.com/CSSEGISandData/COVID-19
0.0849207339907627,80110,6875,1.0938758790195944,Spain,ES,2020-03-29,89,6803,821,1.1372450685389501,7.725047257738507,3.14598863029571E-4,2020-04-08T07:40:55.411,171.34077719286788,14709,2424,1.1973137973137973,0.1836100362002247,https://github.com/CSSEGISandData/COVID-19
0.08772568102232935,87956,7846,1.0979403320434402,Spain,ES,2020-03-30,90,7716,913,1.1342054975745994,7.418416738989398,3.588938011854104E-4,2020-04-08T07:40:57.096,188.12194980371845,16780,2071,1.1407981507920322,0.1907772067852108,https://github.com/CSSEGISandData/COVID-19
0.08823744044702522,95923,7967,1.0905793805993906,Spain,ES,2020-03-31,91,8464,748,1.0969414204250907,7.993938418050867,4.119151202043992E-4,2020-04-08T07:40:58.550,205.16191949408892,19259,2479,1.147735399284863,0.20077562211357025,https://github.com/CSSEGISandData/COVID-19
0.09015732150060508,104118,8195,1.0854331078052188,Spain,ES,2020-04-01,92,9387,923,1.1090500945179584,8.455170976811141,4.843783024699636E-4,2020-04-08T07:41:00.053,222.68953987975306,22647,3388,1.1759177527389792,0.21751282199043392,https://github.com/CSSEGISandData/COVID-19
0.09233926738946148,112065,7947,1.0763268599089495,Spain,ES,2020-04-02,93,10348,961,1.1023756258655588,9.423626203352942,5.71984322115699E-4,2020-04-08T07:41:01.542,239.68673319334337,26743,4096,1.1808628074358634,0.23863829027796368,https://github.com/CSSEGISandData/COVID-19
0.09394374113876794,119199,7134,1.0636594833355641,Spain,ES,2020-04-03,94,11198,850,1.0821414766138384,11.231365993928694,6.52617792346271E-4,2020-04-08T07:41:02.926,254.94506679082082,30513,3770,1.1409714691695023,0.25598369113834846,https://github.com/CSSEGISandData/COVID-19
0.0946912053769577,126168,6969,1.0584652555810032,Spain,ES,2020-04-04,95,11947,749,1.0668869440971602,12.199002832899287,7.318824185198784E-4,2020-04-08T07:41:03.848,269.8504952798621,34219,3706,1.121456428407564,0.2712177414241329,https://github.com/CSSEGISandData/COVID-19
0.09602266684897376,131646,5478,1.04341829941031,Spain,ES,2020-04-05,96,12641,694,1.0580898970452834,16.3085205197835,8.144622138939469E-4,2020-04-08T07:41:04.868,281.5669448799436,38080,3861,1.112832052368567,0.28926059280190813,https://github.com/CSSEGISandData/COVID-19
0.0976111212730931,136675,5029,1.0382009328046427,Spain,ES,2020-04-06,97,13341,700,1.055375365872953,18.48917924581078,8.648741739293469E-4,2020-04-08T07:41:05.697,292.3230648213109,40437,2357,1.0618960084033613,0.29586244741174317,https://github.com/CSSEGISandData/COVID-19
