caseFatalityRisk,confirmed,confirmedDelta,confirmedGrowthRate,country,countryCode,dateId,dayId,deceased,deceasedDelta,deceasedGrowthRate,doublingTime,immunizationRate,importDate,incidencePer100k,recovered,recoveredDelta,recoveredGrowthRate,recoveryRate,source
,2,,,Thailand,TH,2020-01-22,22,0,,,,0.0,2020-04-08T07:39:55.346,0.0028653304160067214,0,,,,https://github.com/CSSEGISandData/COVID-19
,3,1,1.5,Thailand,TH,2020-01-23,23,0,0,0.0,1.7095112913514547,0.0,2020-04-08T07:39:57.120,0.004297995624010082,0,0,0.0,,https://github.com/CSSEGISandData/COVID-19
,5,2,1.6666666666666667,Thailand,TH,2020-01-24,24,0,0,0.0,1.3569154488567239,0.0,2020-04-08T07:39:58.149,0.0071633260400168035,0,0,0.0,,https://github.com/CSSEGISandData/COVID-19
,7,2,1.4,Thailand,TH,2020-01-25,25,0,0,0.0,2.0600427171061453,0.0,2020-04-08T07:39:59.170,0.010028656456023525,0,0,0.0,,https://github.com/CSSEGISandData/COVID-19
,8,1,1.1428571428571428,Thailand,TH,2020-01-26,26,0,0,0.0,5.190893069684433,2.8653304160067214E-8,2020-04-08T07:40:00.090,0.011461321664026886,2,0,0.0,0.25,https://github.com/CSSEGISandData/COVID-19
,8,0,1.0,Thailand,TH,2020-01-27,27,0,0,0.0,,2.8653304160067214E-8,2020-04-08T07:40:01.015,0.011461321664026886,2,0,1.0,0.25,https://github.com/CSSEGISandData/COVID-19
,14,6,1.75,Thailand,TH,2020-01-28,28,0,0,0.0,1.2386126258466668,7.163326040016803E-8,2020-04-08T07:40:01.832,0.02005731291204705,5,3,2.5,0.35714285714285715,https://github.com/CSSEGISandData/COVID-19
,14,0,1.0,Thailand,TH,2020-01-29,29,0,0,0.0,,7.163326040016803E-8,2020-04-08T07:40:02.754,0.02005731291204705,5,0,1.0,0.35714285714285715,https://github.com/CSSEGISandData/COVID-19
,14,0,1.0,Thailand,TH,2020-01-30,30,0,0,0.0,,7.163326040016803E-8,2020-04-08T07:40:03.536,0.02005731291204705,5,0,1.0,0.35714285714285715,https://github.com/CSSEGISandData/COVID-19
,19,5,1.3571428571428572,Thailand,TH,2020-01-31,31,0,0,0.0,2.269773516446259,7.163326040016803E-8,2020-04-08T07:40:04.394,0.027220638952063853,5,0,1.0,0.2631578947368421,https://github.com/CSSEGISandData/COVID-19
,19,0,1.0,Thailand,TH,2020-02-01,32,0,0,0.0,,7.163326040016803E-8,2020-04-08T07:40:05.265,0.027220638952063853,5,0,1.0,0.2631578947368421,https://github.com/CSSEGISandData/COVID-19
,19,0,1.0,Thailand,TH,2020-02-02,33,0,0,0.0,,7.163326040016803E-8,2020-04-08T07:40:06.132,0.027220638952063853,5,0,1.0,0.2631578947368421,https://github.com/CSSEGISandData/COVID-19
,19,0,1.0,Thailand,TH,2020-02-03,34,0,0,0.0,,7.163326040016803E-8,2020-04-08T07:40:06.906,0.027220638952063853,5,0,1.0,0.2631578947368421,https://github.com/CSSEGISandData/COVID-19
,25,6,1.3157894736842106,Thailand,TH,2020-02-04,35,0,0,0.0,2.5257074311122616,7.163326040016803E-8,2020-04-08T07:40:07.635,0.03581663020008402,5,0,1.0,0.2,https://github.com/CSSEGISandData/COVID-19
,25,0,1.0,Thailand,TH,2020-02-05,36,0,0,0.0,,7.163326040016803E-8,2020-04-08T07:40:08.446,0.03581663020008402,5,0,1.0,0.2,https://github.com/CSSEGISandData/COVID-19
,25,0,1.0,Thailand,TH,2020-02-06,37,0,0,0.0,,7.163326040016803E-8,2020-04-08T07:40:09.252,0.03581663020008402,5,0,1.0,0.2,https://github.com/CSSEGISandData/COVID-19
,25,0,1.0,Thailand,TH,2020-02-07,38,0,0,0.0,,7.163326040016803E-8,2020-04-08T07:40:10.023,0.03581663020008402,5,0,1.0,0.2,https://github.com/CSSEGISandData/COVID-19
,32,7,1.28,Thailand,TH,2020-02-08,39,0,0,0.0,2.807854499471603,1.4326652080033606E-7,2020-04-08T07:40:10.841,0.04584528665610754,10,5,2.0,0.3125,https://github.com/CSSEGISandData/COVID-19
,32,0,1.0,Thailand,TH,2020-02-09,40,0,0,0.0,,1.4326652080033606E-7,2020-04-08T07:40:11.870,0.04584528665610754,10,0,1.0,0.3125,https://github.com/CSSEGISandData/COVID-19
,32,0,1.0,Thailand,TH,2020-02-10,41,0,0,0.0,,1.4326652080033606E-7,2020-04-08T07:40:12.688,0.04584528665610754,10,0,1.0,0.3125,https://github.com/CSSEGISandData/COVID-19
,33,1,1.03125,Thailand,TH,2020-02-11,42,0,0,0.0,22.525505955544585,1.4326652080033606E-7,2020-04-08T07:40:13.455,0.047277951864110906,10,0,1.0,0.30303030303030304,https://github.com/CSSEGISandData/COVID-19
,33,0,1.0,Thailand,TH,2020-02-12,43,0,0,0.0,,1.4326652080033606E-7,2020-04-08T07:40:14.290,0.047277951864110906,10,0,1.0,0.30303030303030304,https://github.com/CSSEGISandData/COVID-19
,33,0,1.0,Thailand,TH,2020-02-13,44,0,0,0.0,,1.719198249604033E-7,2020-04-08T07:40:15.250,0.047277951864110906,12,2,1.2,0.36363636363636365,https://github.com/CSSEGISandData/COVID-19
,33,0,1.0,Thailand,TH,2020-02-14,45,0,0,0.0,,1.719198249604033E-7,2020-04-08T07:40:16.072,0.047277951864110906,12,0,1.0,0.36363636363636365,https://github.com/CSSEGISandData/COVID-19
,33,0,1.0,Thailand,TH,2020-02-15,46,0,0,0.0,,1.719198249604033E-7,2020-04-08T07:40:16.927,0.047277951864110906,12,0,1.0,0.36363636363636365,https://github.com/CSSEGISandData/COVID-19
,34,1,1.0303030303030303,Thailand,TH,2020-02-16,47,0,0,0.0,23.21870619960046,2.005731291204705E-7,2020-04-08T07:40:17.708,0.048710617072114264,14,2,1.1666666666666667,0.4117647058823529,https://github.com/CSSEGISandData/COVID-19
,35,1,1.0294117647058822,Thailand,TH,2020-02-17,48,0,0,0.0,23.911903366978944,2.148997812005041E-7,2020-04-08T07:40:18.489,0.05014328228011763,15,1,1.0714285714285714,0.42857142857142855,https://github.com/CSSEGISandData/COVID-19
,35,0,1.0,Thailand,TH,2020-02-18,49,0,0,0.0,,2.148997812005041E-7,2020-04-08T07:40:19.352,0.05014328228011763,15,0,1.0,0.42857142857142855,https://github.com/CSSEGISandData/COVID-19
,35,0,1.0,Thailand,TH,2020-02-19,50,0,0,0.0,,2.148997812005041E-7,2020-04-08T07:40:20.126,0.05014328228011763,15,0,1.0,0.42857142857142855,https://github.com/CSSEGISandData/COVID-19
,35,0,1.0,Thailand,TH,2020-02-20,51,0,0,0.0,,2.148997812005041E-7,2020-04-08T07:40:20.880,0.05014328228011763,15,0,1.0,0.42857142857142855,https://github.com/CSSEGISandData/COVID-19
,35,0,1.0,Thailand,TH,2020-02-21,52,0,0,0.0,,2.4355308536057134E-7,2020-04-08T07:40:21.727,0.05014328228011763,17,2,1.1333333333333333,0.4857142857142857,https://github.com/CSSEGISandData/COVID-19
,35,0,1.0,Thailand,TH,2020-02-22,53,0,0,0.0,,2.4355308536057134E-7,2020-04-08T07:40:22.498,0.05014328228011763,17,0,1.0,0.4857142857142857,https://github.com/CSSEGISandData/COVID-19
,35,0,1.0,Thailand,TH,2020-02-23,54,0,0,0.0,,3.0085969368070575E-7,2020-04-08T07:40:23.350,0.05014328228011763,21,4,1.2352941176470589,0.6,https://github.com/CSSEGISandData/COVID-19
,35,0,1.0,Thailand,TH,2020-02-24,55,0,0,0.0,,3.0085969368070575E-7,2020-04-08T07:40:24.128,0.05014328228011763,21,0,1.0,0.6,https://github.com/CSSEGISandData/COVID-19
,37,2,1.0571428571428572,Thailand,TH,2020-02-25,56,0,0,0.0,12.473439574796094,3.1518634576073933E-7,2020-04-08T07:40:25.196,0.05300861269612435,22,1,1.0476190476190477,0.5945945945945946,https://github.com/CSSEGISandData/COVID-19
,40,3,1.0810810810810811,Thailand,TH,2020-02-26,57,0,0,0.0,8.890886038076006,3.1518634576073933E-7,2020-04-08T07:40:26.014,0.05730660832013443,22,0,1.0,0.55,https://github.com/CSSEGISandData/COVID-19
,40,0,1.0,Thailand,TH,2020-02-27,58,0,0,0.0,,3.1518634576073933E-7,2020-04-08T07:40:26.811,0.05730660832013443,22,0,1.0,0.55,https://github.com/CSSEGISandData/COVID-19
,41,1,1.025,Thailand,TH,2020-02-28,59,0,0,0.0,28.071034525938728,4.01146258240941E-7,2020-04-08T07:40:27.652,0.05873927352813779,28,6,1.2727272727272727,0.6829268292682927,https://github.com/CSSEGISandData/COVID-19
,42,1,1.024390243902439,Thailand,TH,2020-02-29,60,0,0,0.0,28.7642160775476,4.01146258240941E-7,2020-04-08T07:40:28.413,0.06017193873614115,28,0,1.0,0.6666666666666666,https://github.com/CSSEGISandData/COVID-19
0.023809523809523808,42,0,1.0,Thailand,TH,2020-03-01,61,1,0,0.0,,4.01146258240941E-7,2020-04-08T07:40:29.174,0.06017193873614115,28,0,1.0,0.6666666666666666,https://github.com/CSSEGISandData/COVID-19
0.023255813953488372,43,1,1.0238095238095237,Thailand,TH,2020-03-02,62,1,0,1.0,29.45739601151209,4.441262144810418E-7,2020-04-08T07:40:29.998,0.06160460394414451,31,3,1.1071428571428572,0.7209302325581395,https://github.com/CSSEGISandData/COVID-19
0.023255813953488372,43,0,1.0,Thailand,TH,2020-03-03,63,1,0,1.0,,4.441262144810418E-7,2020-04-08T07:40:30.770,0.06160460394414451,31,0,1.0,0.7209302325581395,https://github.com/CSSEGISandData/COVID-19
0.023255813953488372,43,0,1.0,Thailand,TH,2020-03-04,64,1,0,1.0,,4.441262144810418E-7,2020-04-08T07:40:31.536,0.06160460394414451,31,0,1.0,0.7209302325581395,https://github.com/CSSEGISandData/COVID-19
0.02127659574468085,47,4,1.0930232558139534,Thailand,TH,2020-03-05,65,1,0,1.0,7.792768650385407,4.441262144810418E-7,2020-04-08T07:40:32.318,0.06733526477615795,31,0,1.0,0.6595744680851063,https://github.com/CSSEGISandData/COVID-19
0.020833333333333332,48,1,1.0212765957446808,Thailand,TH,2020-03-06,66,1,0,1.0,32.92327499297901,4.441262144810418E-7,2020-04-08T07:40:33.182,0.06876792998416131,31,0,1.0,0.6458333333333334,https://github.com/CSSEGISandData/COVID-19
0.02,50,2,1.0416666666666667,Thailand,TH,2020-03-07,67,1,0,1.0,16.979748018338913,4.441262144810418E-7,2020-04-08T07:40:34.005,0.07163326040016804,31,0,1.0,0.62,https://github.com/CSSEGISandData/COVID-19
0.02,50,0,1.0,Thailand,TH,2020-03-08,68,1,0,1.0,,4.441262144810418E-7,2020-04-08T07:40:35.057,0.07163326040016804,31,0,1.0,0.62,https://github.com/CSSEGISandData/COVID-19
0.02,50,0,1.0,Thailand,TH,2020-03-09,69,1,0,1.0,,4.441262144810418E-7,2020-04-08T07:40:35.855,0.07163326040016804,31,0,1.0,0.62,https://github.com/CSSEGISandData/COVID-19
0.018867924528301886,53,3,1.06,Thailand,TH,2020-03-10,70,1,0,1.0,11.895661045941875,4.7277951864110905E-7,2020-04-08T07:40:36.668,0.07593125602417812,33,2,1.064516129032258,0.6226415094339622,https://github.com/CSSEGISandData/COVID-19
0.01694915254237288,59,6,1.1132075471698113,Thailand,TH,2020-03-11,71,1,0,1.0,6.463180127643366,4.871061707211427E-7,2020-04-08T07:40:37.487,0.08452724727219828,34,1,1.0303030303030303,0.576271186440678,https://github.com/CSSEGISandData/COVID-19
0.014285714285714285,70,11,1.1864406779661016,Thailand,TH,2020-03-12,72,1,0,1.0,4.0544929104524385,4.871061707211427E-7,2020-04-08T07:40:38.406,0.10028656456023526,34,0,1.0,0.4857142857142857,https://github.com/CSSEGISandData/COVID-19
0.013333333333333334,75,5,1.0714285714285714,Thailand,TH,2020-03-13,73,1,0,1.0,10.04664924971328,5.014328228011762E-7,2020-04-08T07:40:39.229,0.10744989060025205,35,1,1.0294117647058822,0.4666666666666667,https://github.com/CSSEGISandData/COVID-19
0.012195121951219513,82,7,1.0933333333333333,Thailand,TH,2020-03-14,74,1,0,1.0,7.767997016302474,5.014328228011762E-7,2020-04-08T07:40:40.048,0.11747854705627558,35,0,1.0,0.4268292682926829,https://github.com/CSSEGISandData/COVID-19
0.008771929824561403,114,32,1.3902439024390243,Thailand,TH,2020-03-15,75,1,0,1.0,2.1037661199316373,5.014328228011762E-7,2020-04-08T07:40:40.843,0.16332383371238313,35,0,1.0,0.30701754385964913,https://github.com/CSSEGISandData/COVID-19
0.006802721088435374,147,33,1.2894736842105263,Thailand,TH,2020-03-16,76,1,0,1.0,2.726412687789183,5.014328228011762E-7,2020-04-08T07:40:41.688,0.21060178557649403,35,0,1.0,0.23809523809523808,https://github.com/CSSEGISandData/COVID-19
0.005649717514124294,177,30,1.2040816326530612,Thailand,TH,2020-03-17,77,1,0,1.0,3.732273493610088,5.873927352813779E-7,2020-04-08T07:40:42.236,0.2535817418165948,41,6,1.1714285714285715,0.23163841807909605,https://github.com/CSSEGISandData/COVID-19
0.0047169811320754715,212,35,1.1977401129943503,Thailand,TH,2020-03-18,78,1,0,1.0,3.841501131088922,6.017193873614115E-7,2020-04-08T07:40:43.241,0.3037250240967125,42,1,1.024390243902439,0.19811320754716982,https://github.com/CSSEGISandData/COVID-19
0.003676470588235294,272,60,1.2830188679245282,Thailand,TH,2020-03-19,79,1,0,1.0,2.7813132387925132,6.017193873614115E-7,2020-04-08T07:40:44.043,0.3896849365769141,42,0,1.0,0.15441176470588236,https://github.com/CSSEGISandData/COVID-19
0.003105590062111801,322,50,1.1838235294117647,Thailand,TH,2020-03-20,80,1,0,1.0,4.107551523401055,6.017193873614115E-7,2020-04-08T07:40:44.945,0.46131819697708215,42,0,1.0,0.13043478260869565,https://github.com/CSSEGISandData/COVID-19
0.0024330900243309003,411,89,1.2763975155279503,Thailand,TH,2020-03-21,81,1,0,1.0,2.840282085993979,6.017193873614115E-7,2020-04-08T07:40:45.736,0.5888254004893813,42,0,1.0,0.10218978102189781,https://github.com/CSSEGISandData/COVID-19
0.001669449081803005,599,188,1.4574209245742094,Thailand,TH,2020-03-22,82,1,0,1.0,1.8402053655256294,6.303726915214787E-7,2020-04-08T07:40:46.774,0.858166459594013,44,2,1.0476190476190477,0.07345575959933222,https://github.com/CSSEGISandData/COVID-19
0.0013869625520110957,721,122,1.2036727879799667,Thailand,TH,2020-03-23,83,1,0,1.0,3.7391109174567627,7.449859081617476E-7,2020-04-08T07:40:48.320,1.032951614970423,52,8,1.1818181818181819,0.07212205270457697,https://github.com/CSSEGISandData/COVID-19
0.0048367593712212815,827,106,1.147018030513176,Thailand,TH,2020-03-24,84,4,3,4.0,5.0533617329809255,7.449859081617476E-7,2020-04-08T07:40:49.149,1.1848141270187793,52,0,1.0,0.06287787182587666,https://github.com/CSSEGISandData/COVID-19
0.004282655246252677,934,107,1.1293833131801694,Thailand,TH,2020-03-25,85,4,0,1.0,5.696862412756149,1.0028656456023524E-6,2020-04-08T07:40:50.646,1.3381093042751389,70,18,1.3461538461538463,0.07494646680942184,https://github.com/CSSEGISandData/COVID-19
0.003827751196172249,1045,111,1.1188436830835118,Thailand,TH,2020-03-26,86,4,0,1.0,6.172516125058874,1.2607453830429573E-6,2020-04-08T07:40:51.529,1.497135142363512,88,18,1.2571428571428571,0.08421052631578947,https://github.com/CSSEGISandData/COVID-19
0.0044014084507042256,1136,91,1.0870813397129186,Thailand,TH,2020-03-27,87,5,1,1.25,8.3015182808462,1.3896852517632599E-6,2020-04-08T07:40:52.802,1.6275076762918177,97,9,1.1022727272727273,0.08538732394366197,https://github.com/CSSEGISandData/COVID-19
0.004819277108433735,1245,109,1.095950704225352,Thailand,TH,2020-03-28,88,6,1,1.2,7.565274658317724,1.3896852517632599E-6,2020-04-08T07:40:54.439,1.7836681839641841,97,0,1.0,0.07791164658634538,https://github.com/CSSEGISandData/COVID-19
0.005043227665706052,1388,143,1.114859437751004,Thailand,TH,2020-03-29,89,7,1,1.1666666666666667,6.375037368266721,1.3896852517632599E-6,2020-04-08T07:40:55.411,1.9885393087086647,97,0,1.0,0.06988472622478387,https://github.com/CSSEGISandData/COVID-19
0.005905511811023622,1524,136,1.0979827089337175,Thailand,TH,2020-03-30,90,9,2,1.2857142857142858,7.4153536501158985,3.280803326327696E-6,2020-04-08T07:40:57.096,2.1833817769971215,229,132,2.3608247422680413,0.15026246719160105,https://github.com/CSSEGISandData/COVID-19
0.0060569351907934586,1651,127,1.0833333333333333,Thailand,TH,2020-03-31,91,10,1,1.1111111111111112,8.659716802522823,4.899715011371494E-6,2020-04-08T07:40:58.550,2.3653302584135485,342,113,1.4934497816593886,0.20714718352513628,https://github.com/CSSEGISandData/COVID-19
0.006775832862789385,1771,120,1.0726832222895215,Thailand,TH,2020-04-01,92,12,2,1.2,9.87907109696698,7.234959300416972E-6,2020-04-08T07:41:00.053,2.537250083373952,505,163,1.476608187134503,0.28514963297571994,https://github.com/CSSEGISandData/COVID-19
0.008,1875,104,1.0587238848108413,Thailand,TH,2020-04-02,93,15,3,1.25,12.146774305626584,7.234959300416972E-6,2020-04-08T07:41:01.542,2.686247265006301,505,0,1.0,0.2693333333333333,https://github.com/CSSEGISandData/COVID-19
0.009605662285136502,1978,103,1.0549333333333333,Thailand,TH,2020-04-03,94,19,4,1.2666666666666666,12.961455271615232,8.767911072980567E-6,2020-04-08T07:41:02.926,2.8338117814306476,612,107,1.2118811881188118,0.30940343781597573,https://github.com/CSSEGISandData/COVID-19
0.009675858732462506,2067,89,1.044994944388271,Thailand,TH,2020-04-04,95,20,1,1.0526315789473684,15.749032820478302,9.65616350194265E-6,2020-04-08T07:41:03.848,2.9613189849429467,674,62,1.1013071895424837,0.32607643928398644,https://github.com/CSSEGISandData/COVID-19
0.010603964960811434,2169,102,1.0493468795355587,Thailand,TH,2020-04-05,96,23,3,1.15,14.390215155131632,1.136103509946665E-5,2020-04-08T07:41:04.868,3.1074508361592894,793,119,1.1765578635014837,0.3656062701705855,https://github.com/CSSEGISandData/COVID-19
0.011711711711711712,2220,51,1.0235131396957122,Thailand,TH,2020-04-06,97,26,3,1.1304347826086956,29.82437300721923,1.136103509946665E-5,2020-04-08T07:41:05.697,3.180516761767461,793,0,1.0,0.3572072072072072,https://github.com/CSSEGISandData/COVID-19
