caseFatalityRisk,confirmed,confirmedDelta,confirmedGrowthRate,country,countryCode,dateId,dayId,deceased,deceasedDelta,deceasedGrowthRate,doublingTime,immunizationRate,importDate,incidencePer100k,recovered,recoveredDelta,recoveredGrowthRate,recoveryRate,source
,0,,,United Kingdom,GB,2020-01-22,22,0,,,,0.0,2020-04-08T07:39:55.346,0.0,0,,,,https://github.com/CSSEGISandData/COVID-19
,0,,,United Kingdom,GB,2020-01-23,23,0,,,,0.0,2020-04-08T07:39:57.120,0.0,0,,,,https://github.com/CSSEGISandData/COVID-19
,0,,,United Kingdom,GB,2020-01-24,24,0,,,,0.0,2020-04-08T07:39:58.149,0.0,0,,,,https://github.com/CSSEGISandData/COVID-19
,0,,,United Kingdom,GB,2020-01-25,25,0,,,,0.0,2020-04-08T07:39:59.170,0.0,0,,,,https://github.com/CSSEGISandData/COVID-19
,0,,,United Kingdom,GB,2020-01-26,26,0,,,,0.0,2020-04-08T07:40:00.090,0.0,0,,,,https://github.com/CSSEGISandData/COVID-19
,0,,,United Kingdom,GB,2020-01-27,27,0,,,,0.0,2020-04-08T07:40:01.015,0.0,0,,,,https://github.com/CSSEGISandData/COVID-19
,0,,,United Kingdom,GB,2020-01-28,28,0,,,,0.0,2020-04-08T07:40:01.832,0.0,0,,,,https://github.com/CSSEGISandData/COVID-19
,0,,,United Kingdom,GB,2020-01-29,29,0,,,,0.0,2020-04-08T07:40:02.754,0.0,0,,,,https://github.com/CSSEGISandData/COVID-19
,0,,,United Kingdom,GB,2020-01-30,30,0,,,,0.0,2020-04-08T07:40:03.536,0.0,0,,,,https://github.com/CSSEGISandData/COVID-19
,2,0,0.0,United Kingdom,GB,2020-01-31,31,0,0,0.0,-0.0,0.0,2020-04-08T07:40:04.394,0.0029461150692739924,0,0,0.0,,https://github.com/CSSEGISandData/COVID-19
,2,0,1.0,United Kingdom,GB,2020-02-01,32,0,0,0.0,,0.0,2020-04-08T07:40:05.265,0.0029461150692739924,0,0,0.0,,https://github.com/CSSEGISandData/COVID-19
,2,0,1.0,United Kingdom,GB,2020-02-02,33,0,0,0.0,,0.0,2020-04-08T07:40:06.133,0.0029461150692739924,0,0,0.0,,https://github.com/CSSEGISandData/COVID-19
,2,0,1.0,United Kingdom,GB,2020-02-03,34,0,0,0.0,,0.0,2020-04-08T07:40:06.906,0.0029461150692739924,0,0,0.0,,https://github.com/CSSEGISandData/COVID-19
,2,0,1.0,United Kingdom,GB,2020-02-04,35,0,0,0.0,,0.0,2020-04-08T07:40:07.635,0.0029461150692739924,0,0,0.0,,https://github.com/CSSEGISandData/COVID-19
,2,0,1.0,United Kingdom,GB,2020-02-05,36,0,0,0.0,,0.0,2020-04-08T07:40:08.446,0.0029461150692739924,0,0,0.0,,https://github.com/CSSEGISandData/COVID-19
,2,0,1.0,United Kingdom,GB,2020-02-06,37,0,0,0.0,,0.0,2020-04-08T07:40:09.252,0.0029461150692739924,0,0,0.0,,https://github.com/CSSEGISandData/COVID-19
,3,1,1.5,United Kingdom,GB,2020-02-07,38,0,0,0.0,1.7095112913514547,0.0,2020-04-08T07:40:10.023,0.004419172603910989,0,0,0.0,,https://github.com/CSSEGISandData/COVID-19
,3,0,1.0,United Kingdom,GB,2020-02-08,39,0,0,0.0,,0.0,2020-04-08T07:40:10.841,0.004419172603910989,0,0,0.0,,https://github.com/CSSEGISandData/COVID-19
,3,0,1.0,United Kingdom,GB,2020-02-09,40,0,0,0.0,,0.0,2020-04-08T07:40:11.870,0.004419172603910989,0,0,0.0,,https://github.com/CSSEGISandData/COVID-19
,8,5,2.6666666666666665,United Kingdom,GB,2020-02-10,41,0,0,0.0,0.7066950526114237,0.0,2020-04-08T07:40:12.688,0.01178446027709597,0,0,0.0,,https://github.com/CSSEGISandData/COVID-19
,8,0,1.0,United Kingdom,GB,2020-02-11,42,0,0,0.0,,0.0,2020-04-08T07:40:13.455,0.01178446027709597,0,0,0.0,,https://github.com/CSSEGISandData/COVID-19
,9,1,1.125,United Kingdom,GB,2020-02-12,43,0,0,0.0,5.884949192361718,1.4730575346369962E-8,2020-04-08T07:40:14.290,0.013257517811732965,1,0,0.0,0.1111111111111111,https://github.com/CSSEGISandData/COVID-19
,9,0,1.0,United Kingdom,GB,2020-02-13,44,0,0,0.0,,1.4730575346369962E-8,2020-04-08T07:40:15.250,0.013257517811732965,1,0,1.0,0.1111111111111111,https://github.com/CSSEGISandData/COVID-19
,9,0,1.0,United Kingdom,GB,2020-02-14,45,0,0,0.0,,1.4730575346369962E-8,2020-04-08T07:40:16.073,0.013257517811732965,1,0,1.0,0.1111111111111111,https://github.com/CSSEGISandData/COVID-19
,9,0,1.0,United Kingdom,GB,2020-02-15,46,0,0,0.0,,1.4730575346369962E-8,2020-04-08T07:40:16.927,0.013257517811732965,1,0,1.0,0.1111111111111111,https://github.com/CSSEGISandData/COVID-19
,9,0,1.0,United Kingdom,GB,2020-02-16,47,0,0,0.0,,1.178446027709597E-7,2020-04-08T07:40:17.708,0.013257517811732965,8,7,8.0,0.8888888888888888,https://github.com/CSSEGISandData/COVID-19
,9,0,1.0,United Kingdom,GB,2020-02-17,48,0,0,0.0,,1.178446027709597E-7,2020-04-08T07:40:18.489,0.013257517811732965,8,0,1.0,0.8888888888888888,https://github.com/CSSEGISandData/COVID-19
,9,0,1.0,United Kingdom,GB,2020-02-18,49,0,0,0.0,,1.178446027709597E-7,2020-04-08T07:40:19.352,0.013257517811732965,8,0,1.0,0.8888888888888888,https://github.com/CSSEGISandData/COVID-19
,9,0,1.0,United Kingdom,GB,2020-02-19,50,0,0,0.0,,1.178446027709597E-7,2020-04-08T07:40:20.126,0.013257517811732965,8,0,1.0,0.8888888888888888,https://github.com/CSSEGISandData/COVID-19
,9,0,1.0,United Kingdom,GB,2020-02-20,51,0,0,0.0,,1.178446027709597E-7,2020-04-08T07:40:20.880,0.013257517811732965,8,0,1.0,0.8888888888888888,https://github.com/CSSEGISandData/COVID-19
,9,0,1.0,United Kingdom,GB,2020-02-21,52,0,0,0.0,,1.178446027709597E-7,2020-04-08T07:40:21.727,0.013257517811732965,8,0,1.0,0.8888888888888888,https://github.com/CSSEGISandData/COVID-19
,9,0,1.0,United Kingdom,GB,2020-02-22,53,0,0,0.0,,1.178446027709597E-7,2020-04-08T07:40:22.499,0.013257517811732965,8,0,1.0,0.8888888888888888,https://github.com/CSSEGISandData/COVID-19
,9,0,1.0,United Kingdom,GB,2020-02-23,54,0,0,0.0,,1.178446027709597E-7,2020-04-08T07:40:23.350,0.013257517811732965,8,0,1.0,0.8888888888888888,https://github.com/CSSEGISandData/COVID-19
,13,4,1.4444444444444444,United Kingdom,GB,2020-02-24,55,0,0,0.0,1.8849618465302416,1.178446027709597E-7,2020-04-08T07:40:24.128,0.01914974795028095,8,0,1.0,0.6153846153846154,https://github.com/CSSEGISandData/COVID-19
,13,0,1.0,United Kingdom,GB,2020-02-25,56,0,0,0.0,,1.178446027709597E-7,2020-04-08T07:40:25.196,0.01914974795028095,8,0,1.0,0.6153846153846154,https://github.com/CSSEGISandData/COVID-19
,13,0,1.0,United Kingdom,GB,2020-02-26,57,0,0,0.0,,1.178446027709597E-7,2020-04-08T07:40:26.014,0.01914974795028095,8,0,1.0,0.6153846153846154,https://github.com/CSSEGISandData/COVID-19
,15,2,1.1538461538461537,United Kingdom,GB,2020-02-27,58,0,0,0.0,4.8437672547929935,1.178446027709597E-7,2020-04-08T07:40:26.811,0.022095863019554945,8,0,1.0,0.5333333333333333,https://github.com/CSSEGISandData/COVID-19
,20,5,1.3333333333333333,United Kingdom,GB,2020-02-28,59,0,0,0.0,2.4094208396532095,1.178446027709597E-7,2020-04-08T07:40:27.652,0.029461150692739923,8,0,1.0,0.4,https://github.com/CSSEGISandData/COVID-19
,23,3,1.15,United Kingdom,GB,2020-02-29,60,0,0,0.0,4.959484454640391,1.178446027709597E-7,2020-04-08T07:40:28.413,0.033880323296650916,8,0,1.0,0.34782608695652173,https://github.com/CSSEGISandData/COVID-19
,36,13,1.565217391304348,United Kingdom,GB,2020-03-01,61,0,0,0.0,1.5471181515395827,1.178446027709597E-7,2020-04-08T07:40:29.174,0.05303007124693186,8,0,1.0,0.2222222222222222,https://github.com/CSSEGISandData/COVID-19
,40,4,1.1111111111111112,United Kingdom,GB,2020-03-02,62,0,0,0.0,6.578813478960581,1.178446027709597E-7,2020-04-08T07:40:29.998,0.058922301385479846,8,0,1.0,0.2,https://github.com/CSSEGISandData/COVID-19
,51,11,1.275,United Kingdom,GB,2020-03-03,63,0,0,0.0,2.8530894559635747,1.178446027709597E-7,2020-04-08T07:40:30.770,0.07512593426648681,8,0,1.0,0.1568627450980392,https://github.com/CSSEGISandData/COVID-19
,85,34,1.6666666666666667,United Kingdom,GB,2020-03-04,64,0,0,0.0,1.3569154488567239,1.178446027709597E-7,2020-04-08T07:40:31.536,0.12520989044414468,8,0,1.0,0.09411764705882353,https://github.com/CSSEGISandData/COVID-19
0.008695652173913044,115,30,1.3529411764705883,United Kingdom,GB,2020-03-05,65,1,0,0.0,2.293056706715189,1.178446027709597E-7,2020-04-08T07:40:32.318,0.16940161648325455,8,0,1.0,0.06956521739130435,https://github.com/CSSEGISandData/COVID-19
0.012269938650306749,163,48,1.4173913043478261,United Kingdom,GB,2020-03-06,66,2,1,2.0,1.9871309296114343,1.178446027709597E-7,2020-04-08T07:40:33.182,0.2401083781458304,8,0,1.0,0.049079754601226995,https://github.com/CSSEGISandData/COVID-19
0.009708737864077669,206,43,1.2638036809815951,United Kingdom,GB,2020-03-07,67,2,0,1.0,2.9605736883095837,2.651503562346593E-7,2020-04-08T07:40:34.005,0.30344985213522124,18,10,2.25,0.08737864077669903,https://github.com/CSSEGISandData/COVID-19
0.01098901098901099,273,67,1.325242718446602,United Kingdom,GB,2020-03-08,68,3,1,1.5,2.4614983884256825,2.651503562346593E-7,2020-04-08T07:40:35.057,0.4021447069559,18,0,1.0,0.06593406593406594,https://github.com/CSSEGISandData/COVID-19
0.012461059190031152,321,48,1.1758241758241759,United Kingdom,GB,2020-03-09,69,4,1,1.3333333333333333,4.279496552551463,2.651503562346593E-7,2020-04-08T07:40:35.855,0.47285146861847577,18,0,1.0,0.056074766355140186,https://github.com/CSSEGISandData/COVID-19
0.015706806282722512,382,61,1.190031152647975,United Kingdom,GB,2020-03-10,70,6,2,1.5,3.9840742065726764,2.651503562346593E-7,2020-04-08T07:40:36.668,0.5627079782313326,18,0,1.0,0.04712041884816754,https://github.com/CSSEGISandData/COVID-19
0.017429193899782137,459,77,1.2015706806282722,United Kingdom,GB,2020-03-11,71,8,2,1.3333333333333333,3.774702853307096,2.7988093158102927E-7,2020-04-08T07:40:37.488,0.6761334083983812,19,1,1.0555555555555556,0.04139433551198257,https://github.com/CSSEGISandData/COVID-19
0.017429193899782137,459,0,1.0,United Kingdom,GB,2020-03-12,72,8,0,1.0,,2.7988093158102927E-7,2020-04-08T07:40:38.406,0.6761334083983812,19,0,1.0,0.04139433551198257,https://github.com/CSSEGISandData/COVID-19
0.009987515605493134,801,342,1.7450980392156863,United Kingdom,GB,2020-03-13,73,8,0,1.0,1.2448523968570993,2.7988093158102927E-7,2020-04-08T07:40:39.229,1.179919085244234,19,0,1.0,0.02372034956304619,https://github.com/CSSEGISandData/COVID-19
0.01837270341207349,1143,342,1.4269662921348314,United Kingdom,GB,2020-03-14,74,21,13,2.625,1.9495029765141187,2.7988093158102927E-7,2020-04-08T07:40:40.048,1.6837047620900867,19,0,1.0,0.016622922134733157,https://github.com/CSSEGISandData/COVID-19
0.018356643356643356,1144,1,1.0008748906386702,United Kingdom,GB,2020-03-15,75,21,0,1.0,792.6137504567058,2.7988093158102927E-7,2020-04-08T07:40:40.843,1.6851778196247236,19,0,1.0,0.016608391608391608,https://github.com/CSSEGISandData/COVID-19
0.036105738233397806,1551,407,1.3557692307692308,United Kingdom,GB,2020-03-16,76,56,35,2.6666666666666665,2.2773252220712736,3.0934208227376917E-7,2020-04-08T07:40:41.688,2.284712236221981,21,2,1.105263157894737,0.013539651837524178,https://github.com/CSSEGISandData/COVID-19
0.02857142857142857,1960,409,1.2637008381689232,United Kingdom,GB,2020-03-17,77,56,0,1.0,2.961603100414841,7.807204933576079E-7,2020-04-08T07:40:42.236,2.8871927678885125,53,32,2.5238095238095237,0.027040816326530614,https://github.com/CSSEGISandData/COVID-19
0.02725208175624527,2642,682,1.3479591836734695,United Kingdom,GB,2020-03-18,78,72,16,1.2857142857142858,2.3213877153466296,9.869485482067874E-7,2020-04-08T07:40:43.241,3.891818006510944,67,14,1.2641509433962264,0.025359576078728237,https://github.com/CSSEGISandData/COVID-19
0.0508100147275405,2716,74,1.028009084027252,United Kingdom,GB,2020-03-19,79,138,66,1.9166666666666667,25.09220570230392,9.869485482067874E-7,2020-04-08T07:40:44.044,4.000824264074081,67,0,1.0,0.02466863033873343,https://github.com/CSSEGISandData/COVID-19
0.04434479322371699,4014,1298,1.4779086892488955,United Kingdom,GB,2020-03-20,80,178,40,1.289855072463768,1.7744429697300048,9.869485482067874E-7,2020-04-08T07:40:44.945,5.9128529440329025,67,0,1.0,0.01669157947184853,https://github.com/CSSEGISandData/COVID-19
0.046181172291296625,5067,1053,1.2623318385650224,United Kingdom,GB,2020-03-21,81,234,56,1.3146067415730338,2.9753827646173696,9.869485482067874E-7,2020-04-08T07:40:45.736,7.46398252800566,67,0,1.0,0.01322281428853365,https://github.com/CSSEGISandData/COVID-19
0.049120362306218426,5741,674,1.1330175646339056,United Kingdom,GB,2020-03-22,82,282,48,1.205128205128205,5.550306607509773,1.3994046579051463E-6,2020-04-08T07:40:46.774,8.456823306350994,95,28,1.4179104477611941,0.016547639784009756,https://github.com/CSSEGISandData/COVID-19
0.049955396966993755,6726,985,1.1715728967078907,United Kingdom,GB,2020-03-23,83,336,54,1.1914893617021276,4.377388240681381,2.0622805484917944E-6,2020-04-08T07:40:48.320,9.907784977968436,140,45,1.4736842105263157,0.020814748736247397,https://github.com/CSSEGISandData/COVID-19
0.05181283684468398,8164,1438,1.2137972048765984,United Kingdom,GB,2020-03-24,84,423,87,1.2589285714285714,3.5774667794889288,2.0622805484917944E-6,2020-04-08T07:40:49.149,12.026041712776436,140,0,1.0,0.0171484566389025,https://github.com/CSSEGISandData/COVID-19
0.0483402489626556,9640,1476,1.1807937285644292,United Kingdom,GB,2020-03-25,85,466,43,1.1016548463356974,4.170890317276134,2.0622805484917944E-6,2020-04-08T07:40:50.646,14.200274633900644,140,0,1.0,0.014522821576763486,https://github.com/CSSEGISandData/COVID-19
0.04910260751777853,11812,2172,1.2253112033195022,United Kingdom,GB,2020-03-26,86,580,114,1.2446351931330473,3.411243752582592,2.209586301955494E-6,2020-04-08T07:40:51.529,17.3997555991322,150,10,1.0714285714285714,0.012698950220115137,https://github.com/CSSEGISandData/COVID-19
0.05161071549677857,14745,2933,1.248306806637318,United Kingdom,GB,2020-03-27,87,761,181,1.3120689655172413,3.1252679837685258,2.224316877301864E-6,2020-04-08T07:40:52.802,21.72023334822251,151,1,1.0066666666666666,0.01024075957951848,https://github.com/CSSEGISandData/COVID-19
0.0589764325323475,17312,2567,1.1740929128518143,United Kingdom,GB,2020-03-28,88,1021,260,1.3416557161629434,4.318785411948414,2.224316877301864E-6,2020-04-08T07:40:54.439,25.50157203963568,151,0,1.0,0.008722273567467652,https://github.com/CSSEGISandData/COVID-19
0.06223458038422649,19780,2468,1.1425600739371533,United Kingdom,GB,2020-03-29,89,1231,210,1.2056807051909892,5.2010188095675325,2.224316877301864E-6,2020-04-08T07:40:55.411,29.137078035119785,151,0,1.0,0.007633973710819009,https://github.com/CSSEGISandData/COVID-19
0.06284238186433884,22453,2673,1.1351365015166834,United Kingdom,GB,2020-03-30,90,1411,180,1.1462225832656376,5.468491288163725,2.518928384229263E-6,2020-04-08T07:40:57.096,33.07456082520448,171,20,1.1324503311258278,0.007615908787244466,https://github.com/CSSEGISandData/COVID-19
0.07036615517444371,25481,3028,1.1348594842560014,United Kingdom,GB,2020-03-31,91,1793,382,1.2707299787384834,5.479041432156247,2.636772987000223E-6,2020-04-08T07:40:58.550,37.534979040085304,179,8,1.0467836257309941,0.007024842039166437,https://github.com/CSSEGISandData/COVID-19
0.07892181483341704,29865,4384,1.172049762568188,United Kingdom,GB,2020-04-01,92,2357,564,1.3145566090351366,4.366167319147883,2.636772987000223E-6,2020-04-08T07:41:00.053,43.99286327193389,179,0,1.0,0.005993638037836933,https://github.com/CSSEGISandData/COVID-19
0.08562315278143563,34173,4308,1.1442491210447012,United Kingdom,GB,2020-04-02,93,2926,569,1.2414085702163768,5.144001599170483,2.8282704665030324E-6,2020-04-08T07:41:01.542,50.33879513115007,192,13,1.0726256983240223,0.00561847072250022,https://github.com/CSSEGISandData/COVID-19
0.09333402259040037,38689,4516,1.1321511134521405,United Kingdom,GB,2020-04-03,94,3611,685,1.234107997265892,5.584516416815336,3.063959672044952E-6,2020-04-08T07:41:02.926,56.991122957570745,208,16,1.0833333333333333,0.0053762051229031506,https://github.com/CSSEGISandData/COVID-19
0.10170209760576313,42477,3788,1.097908966372871,United Kingdom,GB,2020-04-04,95,4320,709,1.1963445029077817,7.4206856206256075,3.167073699469542E-6,2020-04-08T07:41:03.848,62.57106489877569,215,7,1.0336538461538463,0.005061562728064599,https://github.com/CSSEGISandData/COVID-19
0.10205219258402841,48436,5959,1.1402876851001718,United Kingdom,GB,2020-04-05,96,4943,623,1.144212962962963,5.2798909731872,3.3733017543187213E-6,2020-04-08T07:41:04.868,71.34901474767754,229,14,1.0651162790697675,0.004727888347510117,https://github.com/CSSEGISandData/COVID-19
0.10300503070066375,52279,3843,1.0793418118754645,United Kingdom,GB,2020-04-06,97,5385,442,1.0894193809427473,9.078379462274803,4.2276751244081786E-6,2020-04-08T07:41:05.697,77.00997485328753,287,58,1.2532751091703056,0.0054897760094875575,https://github.com/CSSEGISandData/COVID-19
