caseFatalityRisk,confirmed,confirmedDelta,confirmedGrowthRate,country,countryCode,dateId,dayId,deceased,deceasedDelta,deceasedGrowthRate,doublingTime,immunizationRate,importDate,incidencePer100k,recovered,recoveredDelta,recoveredGrowthRate,recoveryRate,source
,1,,,United States,US,2020-01-22,22,0,,,,0.0,2020-04-08T07:39:55.346,3.0211238398812705E-4,0,,,,https://github.com/CSSEGISandData/COVID-19
,1,0,1.0,United States,US,2020-01-23,23,0,0,0.0,,0.0,2020-04-08T07:39:57.120,3.0211238398812705E-4,0,0,0.0,,https://github.com/CSSEGISandData/COVID-19
,2,1,2.0,United States,US,2020-01-24,24,0,0,0.0,1.0,0.0,2020-04-08T07:39:58.149,6.042247679762541E-4,0,0,0.0,,https://github.com/CSSEGISandData/COVID-19
,2,0,1.0,United States,US,2020-01-25,25,0,0,0.0,,0.0,2020-04-08T07:39:59.170,6.042247679762541E-4,0,0,0.0,,https://github.com/CSSEGISandData/COVID-19
,5,3,2.5,United States,US,2020-01-26,26,0,0,0.0,0.75647079736603,0.0,2020-04-08T07:40:00.090,0.001510561919940635,0,0,0.0,,https://github.com/CSSEGISandData/COVID-19
,5,0,1.0,United States,US,2020-01-27,27,0,0,0.0,,0.0,2020-04-08T07:40:01.015,0.001510561919940635,0,0,0.0,,https://github.com/CSSEGISandData/COVID-19
,5,0,1.0,United States,US,2020-01-28,28,0,0,0.0,,0.0,2020-04-08T07:40:01.832,0.001510561919940635,0,0,0.0,,https://github.com/CSSEGISandData/COVID-19
,5,0,1.0,United States,US,2020-01-29,29,0,0,0.0,,0.0,2020-04-08T07:40:02.754,0.001510561919940635,0,0,0.0,,https://github.com/CSSEGISandData/COVID-19
,5,0,1.0,United States,US,2020-01-30,30,0,0,0.0,,0.0,2020-04-08T07:40:03.536,0.001510561919940635,0,0,0.0,,https://github.com/CSSEGISandData/COVID-19
,6,1,1.2,United States,US,2020-01-31,31,0,0,0.0,3.8017840169239308,0.0,2020-04-08T07:40:04.394,0.0018126743039287622,0,0,0.0,,https://github.com/CSSEGISandData/COVID-19
,8,2,1.3333333333333333,United States,US,2020-02-01,32,0,0,0.0,2.4094208396532095,0.0,2020-04-08T07:40:05.265,0.0024168990719050164,0,0,0.0,,https://github.com/CSSEGISandData/COVID-19
,8,0,1.0,United States,US,2020-02-02,33,0,0,0.0,,0.0,2020-04-08T07:40:06.132,0.0024168990719050164,0,0,0.0,,https://github.com/CSSEGISandData/COVID-19
,11,3,1.375,United States,US,2020-02-03,34,0,0,0.0,2.1766024788760996,0.0,2020-04-08T07:40:06.906,0.0033232362238693972,0,0,0.0,,https://github.com/CSSEGISandData/COVID-19
,11,0,1.0,United States,US,2020-02-04,35,0,0,0.0,,0.0,2020-04-08T07:40:07.635,0.0033232362238693972,0,0,0.0,,https://github.com/CSSEGISandData/COVID-19
,12,1,1.0909090909090908,United States,US,2020-02-05,36,0,0,0.0,7.96616723629781,0.0,2020-04-08T07:40:08.446,0.0036253486078575243,0,0,0.0,,https://github.com/CSSEGISandData/COVID-19
,12,0,1.0,United States,US,2020-02-06,37,0,0,0.0,,0.0,2020-04-08T07:40:09.252,0.0036253486078575243,0,0,0.0,,https://github.com/CSSEGISandData/COVID-19
,12,0,1.0,United States,US,2020-02-07,38,0,0,0.0,,0.0,2020-04-08T07:40:10.023,0.0036253486078575243,0,0,0.0,,https://github.com/CSSEGISandData/COVID-19
,12,0,1.0,United States,US,2020-02-08,39,0,0,0.0,,0.0,2020-04-08T07:40:10.841,0.0036253486078575243,0,0,0.0,,https://github.com/CSSEGISandData/COVID-19
,12,0,1.0,United States,US,2020-02-09,40,0,0,0.0,,9.063371519643812E-9,2020-04-08T07:40:11.870,0.0036253486078575243,3,0,0.0,0.25,https://github.com/CSSEGISandData/COVID-19
,12,0,1.0,United States,US,2020-02-10,41,0,0,0.0,,9.063371519643812E-9,2020-04-08T07:40:12.688,0.0036253486078575243,3,0,1.0,0.25,https://github.com/CSSEGISandData/COVID-19
,13,1,1.0833333333333333,United States,US,2020-02-11,42,0,0,0.0,8.659716802522823,9.063371519643812E-9,2020-04-08T07:40:13.455,0.003927460991845651,3,0,1.0,0.23076923076923078,https://github.com/CSSEGISandData/COVID-19
,13,0,1.0,United States,US,2020-02-12,43,0,0,0.0,,9.063371519643812E-9,2020-04-08T07:40:14.290,0.003927460991845651,3,0,1.0,0.23076923076923078,https://github.com/CSSEGISandData/COVID-19
,15,2,1.1538461538461537,United States,US,2020-02-13,44,0,0,0.0,4.8437672547929935,9.063371519643812E-9,2020-04-08T07:40:15.250,0.004531685759821906,3,0,1.0,0.2,https://github.com/CSSEGISandData/COVID-19
,15,0,1.0,United States,US,2020-02-14,45,0,0,0.0,,9.063371519643812E-9,2020-04-08T07:40:16.072,0.004531685759821906,3,0,1.0,0.2,https://github.com/CSSEGISandData/COVID-19
,15,0,1.0,United States,US,2020-02-15,46,0,0,0.0,,9.063371519643812E-9,2020-04-08T07:40:16.927,0.004531685759821906,3,0,1.0,0.2,https://github.com/CSSEGISandData/COVID-19
,15,0,1.0,United States,US,2020-02-16,47,0,0,0.0,,9.063371519643812E-9,2020-04-08T07:40:17.708,0.004531685759821906,3,0,1.0,0.2,https://github.com/CSSEGISandData/COVID-19
,15,0,1.0,United States,US,2020-02-17,48,0,0,0.0,,9.063371519643812E-9,2020-04-08T07:40:18.489,0.004531685759821906,3,0,1.0,0.2,https://github.com/CSSEGISandData/COVID-19
,15,0,1.0,United States,US,2020-02-18,49,0,0,0.0,,9.063371519643812E-9,2020-04-08T07:40:19.352,0.004531685759821906,3,0,1.0,0.2,https://github.com/CSSEGISandData/COVID-19
,15,0,1.0,United States,US,2020-02-19,50,0,0,0.0,,9.063371519643812E-9,2020-04-08T07:40:20.126,0.004531685759821906,3,0,1.0,0.2,https://github.com/CSSEGISandData/COVID-19
,15,0,1.0,United States,US,2020-02-20,51,0,0,0.0,,9.063371519643812E-9,2020-04-08T07:40:20.880,0.004531685759821906,3,0,1.0,0.2,https://github.com/CSSEGISandData/COVID-19
,35,20,2.3333333333333335,United States,US,2020-02-21,52,0,0,0.0,0.8180678991012515,1.5105619199406353E-8,2020-04-08T07:40:21.727,0.010573933439584446,5,2,1.6666666666666667,0.14285714285714285,https://github.com/CSSEGISandData/COVID-19
,35,0,1.0,United States,US,2020-02-22,53,0,0,0.0,,1.5105619199406353E-8,2020-04-08T07:40:22.498,0.010573933439584446,5,0,1.0,0.14285714285714285,https://github.com/CSSEGISandData/COVID-19
,35,0,1.0,United States,US,2020-02-23,54,0,0,0.0,,1.5105619199406353E-8,2020-04-08T07:40:23.350,0.010573933439584446,5,0,1.0,0.14285714285714285,https://github.com/CSSEGISandData/COVID-19
,53,18,1.5142857142857142,United States,US,2020-02-24,55,0,0,0.0,1.670460176995691,1.5105619199406353E-8,2020-04-08T07:40:24.128,0.016011956351370732,5,0,1.0,0.09433962264150944,https://github.com/CSSEGISandData/COVID-19
,53,0,1.0,United States,US,2020-02-25,56,0,0,0.0,,1.8126743039287623E-8,2020-04-08T07:40:25.196,0.016011956351370732,6,1,1.2,0.11320754716981132,https://github.com/CSSEGISandData/COVID-19
,59,6,1.1132075471698113,United States,US,2020-02-26,57,0,0,0.0,6.463180127643366,1.8126743039287623E-8,2020-04-08T07:40:26.014,0.017824630655299493,6,0,1.0,0.1016949152542373,https://github.com/CSSEGISandData/COVID-19
,60,1,1.0169491525423728,United States,US,2020-02-27,58,0,0,0.0,41.24128643066455,1.8126743039287623E-8,2020-04-08T07:40:26.811,0.018126743039287622,6,0,1.0,0.1,https://github.com/CSSEGISandData/COVID-19
,62,2,1.0333333333333334,United States,US,2020-02-28,59,0,0,0.0,21.139095026580534,2.1147866879168893E-8,2020-04-08T07:40:27.652,0.018730967807263875,7,1,1.1666666666666667,0.11290322580645161,https://github.com/CSSEGISandData/COVID-19
0.014285714285714285,70,8,1.1290322580645162,United States,US,2020-02-29,60,1,0,0.0,5.711455881821694,2.1147866879168893E-8,2020-04-08T07:40:28.413,0.021147866879168892,7,0,1.0,0.1,https://github.com/CSSEGISandData/COVID-19
0.013157894736842105,76,6,1.0857142857142856,United States,US,2020-03-01,61,1,0,1.0,8.42854097334081,2.1147866879168893E-8,2020-04-08T07:40:29.174,0.022960541183097653,7,0,1.0,0.09210526315789473,https://github.com/CSSEGISandData/COVID-19
0.0594059405940594,101,25,1.3289473684210527,United States,US,2020-03-02,62,6,5,6.0,2.4373362714758917,2.1147866879168893E-8,2020-04-08T07:40:29.998,0.03051335078280083,7,0,1.0,0.06930693069306931,https://github.com/CSSEGISandData/COVID-19
0.05737704918032787,122,21,1.2079207920792079,United States,US,2020-03-03,63,7,1,1.1666666666666667,3.669376620039139,2.4168990719050163E-8,2020-04-08T07:40:30.770,0.0368577108465515,8,1,1.1428571428571428,0.06557377049180328,https://github.com/CSSEGISandData/COVID-19
0.0718954248366013,153,31,1.2540983606557377,United States,US,2020-03-04,64,11,4,1.5714285714285714,3.0613759485929437,2.4168990719050163E-8,2020-04-08T07:40:31.536,0.04622319475018343,8,0,1.0,0.05228758169934641,https://github.com/CSSEGISandData/COVID-19
0.05429864253393665,221,68,1.4444444444444444,United States,US,2020-03-05,65,12,1,1.0909090909090908,1.8849618465302416,2.4168990719050163E-8,2020-04-08T07:40:32.318,0.06676683686137608,8,0,1.0,0.03619909502262444,https://github.com/CSSEGISandData/COVID-19
0.050359712230215826,278,57,1.257918552036199,United States,US,2020-03-06,66,14,2,1.1666666666666667,3.0207965530489993,2.4168990719050163E-8,2020-04-08T07:40:33.182,0.08398724274869931,8,0,1.0,0.02877697841726619,https://github.com/CSSEGISandData/COVID-19
0.0407673860911271,417,139,1.5,United States,US,2020-03-07,67,17,3,1.2142857142857142,1.7095112913514547,2.4168990719050163E-8,2020-04-08T07:40:34.005,0.12598086412304896,8,0,1.0,0.019184652278177457,https://github.com/CSSEGISandData/COVID-19
0.03910614525139665,537,120,1.2877697841726619,United States,US,2020-03-08,68,21,4,1.2352941176470589,2.740666830436092,2.4168990719050163E-8,2020-04-08T07:40:35.057,0.16223435020162422,8,0,1.0,0.0148975791433892,https://github.com/CSSEGISandData/COVID-19
0.03636363636363636,605,68,1.1266294227188083,United States,US,2020-03-09,69,22,1,1.0476190476190477,5.813512263863748,2.4168990719050163E-8,2020-04-08T07:40:35.855,0.18277799231281686,8,0,1.0,0.013223140495867768,https://github.com/CSSEGISandData/COVID-19
0.029197080291970802,959,354,1.5851239669421489,United States,US,2020-03-10,70,28,6,1.2727272727272727,1.5046742566083653,2.4168990719050163E-8,2020-04-08T07:40:36.668,0.2897257762446138,8,0,1.0,0.008342022940563087,https://github.com/CSSEGISandData/COVID-19
0.02810304449648712,1281,322,1.3357664233576643,United States,US,2020-03-11,71,36,8,1.2857142857142858,2.394247550245824,2.4168990719050163E-8,2020-04-08T07:40:37.487,0.3870059638887907,8,0,1.0,0.00624512099921936,https://github.com/CSSEGISandData/COVID-19
0.024052916416115455,1663,382,1.2982045277127245,United States,US,2020-03-12,72,40,4,1.1111111111111112,2.6559176865678444,3.6253486078575246E-8,2020-04-08T07:40:38.406,0.5024128945722552,12,4,1.5,0.0072158749248346366,https://github.com/CSSEGISandData/COVID-19
0.021569527306103717,2179,516,1.3102826217678893,United States,US,2020-03-13,73,47,7,1.175,2.5649047358973704,3.6253486078575246E-8,2020-04-08T07:40:39.229,0.6583028847101288,12,0,1.0,0.005507113354749885,https://github.com/CSSEGISandData/COVID-19
0.019809244314013204,2726,547,1.2510325837540155,United States,US,2020-03-14,74,54,7,1.148936170212766,3.094831527249148,3.6253486078575246E-8,2020-04-08T07:40:40.048,0.8235583587516343,12,0,1.0,0.004402054292002935,https://github.com/CSSEGISandData/COVID-19
0.018005144326950558,3499,773,1.2835656639765223,United States,US,2020-03-15,75,63,9,1.1666666666666667,2.7765660964064334,3.6253486078575246E-8,2020-04-08T07:40:40.843,1.0570912315744565,12,0,1.0,0.003429551300371535,https://github.com/CSSEGISandData/COVID-19
0.018350604490500865,4632,1133,1.3238068019434124,United States,US,2020-03-16,76,85,22,1.3492063492063493,2.4710113992704406,5.1359105277981596E-8,2020-04-08T07:40:41.688,1.3993845626330044,17,5,1.4166666666666667,0.0036701208981001726,https://github.com/CSSEGISandData/COVID-19
0.01681980999844261,6421,1789,1.3862262521588946,United States,US,2020-03-17,77,108,23,1.2705882352941176,2.122408891231756,5.1359105277981596E-8,2020-04-08T07:40:42.236,1.9398636175877635,17,0,1.0,0.0026475626849400405,https://github.com/CSSEGISandData/COVID-19
0.015155407141022348,7786,1365,1.2125837097025385,United States,US,2020-03-18,78,118,10,1.0925925925925926,3.5960312561396823,3.2023912702741467E-7,2020-04-08T07:40:43.241,2.3522470217315568,106,89,6.235294117647059,0.013614179296172618,https://github.com/CSSEGISandData/COVID-19
0.014619883040935672,13680,5894,1.7569997431286926,United States,US,2020-03-19,79,200,82,1.694915254237288,1.229839879860529,3.262813747071772E-7,2020-04-08T07:40:44.043,4.132897412957577,108,2,1.0188679245283019,0.007894736842105263,https://github.com/CSSEGISandData/COVID-19
0.012774200303649024,19101,5421,1.3962719298245614,United States,US,2020-03-20,80,244,44,1.22,2.0764984528828316,4.4410520446254674E-7,2020-04-08T07:40:44.945,5.770648646557214,147,39,1.3611111111111112,0.007695932150149207,https://github.com/CSSEGISandData/COVID-19
0.01204252147648374,25493,6392,1.334642165331658,United States,US,2020-03-21,81,307,63,1.2581967213114753,2.401231416428947,5.166121766196972E-7,2020-04-08T07:40:45.736,7.7017510050093225,171,24,1.163265306122449,0.006707723688855765,https://github.com/CSSEGISandData/COVID-19
0.012653351508326912,33746,8253,1.3237359275095124,United States,US,2020-03-22,82,427,120,1.3908794788273615,2.4714831184743864,0.0,2020-04-08T07:40:46.774,10.195084510063335,0,-171,0.0,,https://github.com/CSSEGISandData/COVID-19
0.012641124876909337,43667,9921,1.2939903988620873,United States,US,2020-03-23,83,552,125,1.2927400468384076,2.6894233993665804,0.0,2020-04-08T07:40:48.320,13.192341471609543,0,0,0.0,,https://github.com/CSSEGISandData/COVID-19
0.01313732787495348,53740,10073,1.2306776284150502,United States,US,2020-03-24,84,706,154,1.2789855072463767,3.3394233001856524,1.0513510962786822E-6,2020-04-08T07:40:49.149,16.235519515521947,348,0,0.0,0.0064756233717901,https://github.com/CSSEGISandData/COVID-19
0.014320897564535254,65778,12038,1.224004465947153,United States,US,2020-03-25,85,942,236,1.3342776203966005,3.42925153447407,1.0906257061971385E-6,2020-04-08T07:40:50.646,19.87234839397102,361,13,1.0373563218390804,0.005488157134604275,https://github.com/CSSEGISandData/COVID-19
0.014421012452884203,83836,18058,1.2745294779409528,United States,US,2020-03-26,86,1209,267,1.28343949044586,2.85743071387773,2.057385334959145E-6,2020-04-08T07:40:51.529,25.327893824028617,681,320,1.886426592797784,0.008123002051624601,https://github.com/CSSEGISandData/COVID-19
0.015552298415259156,101657,17821,1.212569779092514,United States,US,2020-03-27,87,1581,372,1.3076923076923077,3.5962455986141637,2.625356616856824E-6,2020-04-08T07:40:52.802,30.71183861908103,869,188,1.276064610866373,0.008548353777900194,https://github.com/CSSEGISandData/COVID-19
0.016677916989084444,121478,19821,1.1949791947431068,United States,US,2020-03-28,88,2026,445,1.2814674256799494,3.891270125541708,3.238644756352722E-6,2020-04-08T07:40:54.439,36.70000818210969,1072,203,1.233601841196778,0.008824643145260871,https://github.com/CSSEGISandData/COVID-19
0.017510611416322416,140886,19408,1.1597655542567378,United States,US,2020-03-29,89,2467,441,1.217670286278381,4.676542384086012,8.051295033283585E-6,2020-04-08T07:40:55.410,42.56340533055126,2665,1593,2.486007462686567,0.018916003009525433,https://github.com/CSSEGISandData/COVID-19
0.018404642567997676,161807,20921,1.1484959470777791,United States,US,2020-03-30,90,2978,511,1.207134171057965,5.006363949556084,1.705122295228989E-5,2020-04-08T07:40:57.096,48.88389851596687,5644,2979,2.1178236397748593,0.034881062005970076,https://github.com/CSSEGISandData/COVID-19
0.020582233275939034,188172,26365,1.1629410346894757,United States,US,2020-03-31,91,3873,895,1.3005372733378107,4.591833128350164,2.1220373851326043E-5,2020-04-08T07:40:58.550,56.84909151981384,7024,1380,1.2445074415308293,0.037327551389154605,https://github.com/CSSEGISandData/COVID-19
0.02229439664060889,213372,25200,1.1339200306102928,United States,US,2020-04-01,92,4757,884,1.228246837077201,5.515144918068041,2.5601003419153884E-5,2020-04-08T07:41:00.053,64.46232359631463,8474,1450,1.2064350797266514,0.03971467671484544,https://github.com/CSSEGISandData/COVID-19
0.024341453997280788,243453,30081,1.1409791350317755,United States,US,2020-04-02,93,5926,1169,1.2457431154088712,5.2556227299639975,2.7193135682771315E-5,2020-04-08T07:41:01.541,73.55016621906148,9001,527,1.0621902289355676,0.03697222872587317,https://github.com/CSSEGISandData/COVID-19
0.025716110397480278,275586,32133,1.1319885152370273,United States,US,2020-04-03,94,7087,1161,1.195916301046237,5.590986220411842,2.932604911372749E-5,2020-04-08T07:41:02.926,83.25794345375198,9707,706,1.0784357293634041,0.035223124541885295,https://github.com/CSSEGISandData/COVID-19
0.02722033349522422,308850,33264,1.1207027933204154,United States,US,2020-04-04,95,8407,1320,1.1862565260335827,6.082587022138827,4.4265506501940376E-5,2020-04-08T07:41:03.848,93.30740979473303,14652,4945,1.5094261872875245,0.047440505099562894,https://github.com/CSSEGISandData/COVID-19
0.02853692979541463,337072,28222,1.091377691435972,United States,US,2020-04-05,96,9619,1212,1.1441655763054597,7.927042080967847,5.2712568758248404E-5,2020-04-08T07:41:04.868,101.83362549564595,17448,2796,1.1908271908271908,0.05176342146485024,https://github.com/CSSEGISandData/COVID-19
0.02941240650929861,366614,29542,1.0876429961551242,United States,US,2020-04-06,97,10783,1164,1.1210105000519806,8.250478623920426,5.915662590871515E-5,2020-04-08T07:41:05.697,110.7586295434232,19581,2133,1.1222489683631363,0.05341039894821256,https://github.com/CSSEGISandData/COVID-19
